((0,20),[(1,20),(0,21),(0,19)])
((0,19),[(1,19),(0,18)])
((0,18),[(1,18),(0,17)])
((0,17),[(1,17),(0,16)])
((0,16),[(1,16),(0,15)])
((0,15),[(1,15),(0,14)])
((0,14),[(1,14),(0,13)])
((0,13),[(1,13),(0,12)])
((0,12),[(1,12),(0,11)])
((0,11),[(1,11),(0,10)])
((0,10),[(1,10),(0,9)])
((0,9),[(1,9),(0,8)])
((0,8),[(1,8),(0,7)])
((0,7),[(1,7),(0,6)])
((0,6),[(1,6),(0,5)])
((0,5),[(1,5),(0,4)])
((0,4),[(1,4),(0,3)])
((0,3),[(1,3),(0,2)])
((0,2),[(1,2),(0,1)])
((0,1),[(1,1),(0,0)])
((0,0),[(1,0)])
((1,0),[(2,0),(1,1)])
((1,1),[(2,1),(1,2)])
((1,2),[(2,2),(1,3)])
((1,3),[(2,3),(1,4)])
((1,4),[(2,4),(1,5)])
((1,5),[(1,6)])
((1,6),[(1,7)])
((1,7),[(1,8)])
((1,8),[(1,9)])
((1,9),[(1,10)])
((1,10),[(1,11)])
((1,11),[(2,11),(1,12)])
((1,12),[(2,12),(1,13)])
((1,13),[(2,13),(1,14)])
((1,14),[(2,14),(1,15)])
((1,15),[(2,15),(1,16)])
((1,16),[(2,16),(1,17)])
((1,17),[(2,17),(1,18)])
((1,18),[(2,18),(1,19)])
((1,19),[(1,20)])
((1,20),[(1,21)])
((1,21),[(2,21),(1,22)])
((1,22),[(2,22),(1,23)])
((1,23),[(2,23),(1,24)])
((1,24),[(2,24),(1,25)])
((1,25),[(2,25),(1,26)])
((1,26),[(2,26),(1,27)])
((1,27),[(1,28)])
((1,28),[(1,29)])
((1,29),[(1,30)])
((1,30),[(1,31)])
((1,31),[(1,32)])
((1,32),[(1,33)])
((1,33),[(2,33),(1,34)])
((1,34),[(2,34),(1,35)])
((1,35),[(2,35),(1,36)])
((1,36),[(2,36),(1,37)])
((1,37),[(2,37),(1,38)])
((1,38),[(2,38),(1,39)])
((1,39),[(2,39),(1,40)])
((1,40),[(2,40)])
((2,40),[(3,40),(2,39)])
((2,39),[(3,39),(2,38)])
((2,38),[(3,38),(2,37)])
((2,37),[(3,37),(2,36)])
((2,36),[(3,36),(2,35)])
((2,35),[(3,35),(2,34)])
((2,34),[(3,34),(2,33)])
((2,33),[(3,33)])
((3,33),[(3,34)])
((3,34),[(4,34),(3,35)])
((3,35),[(4,35),(3,36)])
((3,36),[(4,36),(3,37)])
((3,37),[(4,37),(3,38)])
((3,38),[(4,38),(3,39)])
((3,39),[(4,39),(3,40)])
((3,40),[(4,40)])
((4,40),[(5,40),(4,39)])
((4,39),[(5,39),(4,38)])
((4,38),[(5,38),(4,37)])
((4,37),[(5,37),(4,36)])
((4,36),[(5,36),(4,35)])
((4,35),[(5,35),(4,34)])
((4,34),[(5,34)])
((5,34),[(6,34),(5,35)])
((5,35),[(6,35),(5,36)])
((5,36),[(6,36),(5,37)])
((5,37),[(6,37),(5,38)])
((5,38),[(6,38),(5,39)])
((5,39),[(6,39),(5,40)])
((5,40),[(6,40)])
((6,40),[(7,40),(6,39)])
((6,39),[(7,39),(6,38)])
((6,38),[(7,38),(6,37)])
((6,37),[(7,37),(6,36)])
((6,36),[(7,36),(6,35)])
((6,35),[(7,35),(6,34)])
((6,34),[(7,34),(6,33)])
((6,33),[(7,33),(6,32)])
((6,32),[(7,32),(6,31)])
((6,31),[(7,31)])
((7,31),[(8,31),(7,32)])
((7,32),[(8,32),(7,33)])
((7,33),[(8,33),(7,34)])
((7,34),[(8,34),(7,35)])
((7,35),[(8,35),(7,36)])
((7,36),[(8,36),(7,37)])
((7,37),[(8,37),(7,38)])
((7,38),[(8,38),(7,39)])
((7,39),[(8,39),(7,40)])
((7,40),[(8,40)])
((8,40),[(9,40),(8,39)])
((8,39),[(9,39),(8,38)])
((8,38),[(9,38),(8,37)])
((8,37),[(9,37),(8,36)])
((8,36),[(9,36),(8,35)])
((8,35),[(9,35),(8,34)])
((8,34),[(9,34),(8,33)])
((8,33),[(9,33),(8,32)])
((8,32),[(9,32),(8,31)])
((8,31),[(9,31),(8,30)])
((8,30),[(9,30),(8,29)])
((8,29),[(9,29),(8,28)])
((8,28),[(9,28),(8,27)])
((8,27),[(9,27),(7,27),(8,26)])
((8,26),[(9,26),(7,26),(8,25)])
((8,25),[(9,25),(7,25)])
((7,25),[(7,26),(6,25)])
((6,25),[(6,26),(5,25),(6,24)])
((6,24),[])
((5,25),[(4,25)])
((4,25),[(3,25)])
((3,25),[(3,26),(2,25)])
((2,25),[(2,26),(2,24)])
((2,24),[(2,23)])
((2,23),[(2,22)])
((2,22),[(2,21)])
((2,21),[])
((2,26),[(3,26)])
((3,26),[])
((3,26),[])
((6,26),[(7,26),(6,27)])
((6,27),[(7,27)])
((7,27),[(7,26)])
((7,26),[])
((7,26),[])
((7,26),[])
((9,25),[(9,26),(9,24)])
((9,24),[(10,24),(9,23)])
((9,23),[(10,23),(9,22)])
((9,22),[(10,22),(9,21)])
((9,21),[(10,21)])
((10,21),[(11,21),(10,22),(10,20)])
((10,20),[(11,20)])
((11,20),[(12,20),(11,21)])
((11,21),[(12,21),(11,22)])
((11,22),[(12,22),(11,23),(10,22)])
((10,22),[(10,23)])
((10,23),[(11,23),(10,24)])
((10,24),[(11,24)])
((11,24),[(12,24),(11,23)])
((11,23),[(12,23)])
((12,23),[(13,23),(12,24),(12,22)])
((12,22),[(13,22),(12,21)])
((12,21),[(13,21),(12,20)])
((12,20),[(13,20),(12,19)])
((12,19),[(13,19),(12,18)])
((12,18),[(13,18),(12,17)])
((12,17),[(13,17)])
((13,17),[(14,17),(13,18)])
((13,18),[(14,18),(13,19)])
((13,19),[(14,19),(13,20)])
((13,20),[(13,21)])
((13,21),[(13,22)])
((13,22),[(13,23)])
((13,23),[(14,23),(13,24)])
((13,24),[(13,25),(12,24)])
((12,24),[])
((13,25),[])
((14,23),[(15,23)])
((15,23),[(16,23)])
((16,23),[(17,23),(16,24)])
((16,24),[(17,24),(16,25)])
((16,25),[(17,25),(16,26)])
((16,26),[(17,26)])
((17,26),[(18,26),(17,25)])
((17,25),[(18,25),(17,24)])
((17,24),[(18,24),(17,23)])
((17,23),[(18,23)])
((18,23),[(19,23),(18,24),(18,22)])
((18,22),[(19,22),(18,21)])
((18,21),[(19,21),(18,20)])
((18,20),[(19,20),(18,19)])
((18,19),[(19,19),(18,18)])
((18,18),[(19,18),(17,18),(18,17)])
((18,17),[(19,17),(17,17),(18,16)])
((18,16),[(19,16),(17,16),(18,15)])
((18,15),[(19,15),(17,15),(18,14)])
((18,14),[(19,14),(17,14),(18,13)])
((18,13),[(19,13),(17,13),(18,12)])
((18,12),[(19,12),(17,12),(18,11)])
((18,11),[(19,11),(17,11)])
((17,11),[(17,12),(16,11)])
((16,11),[(16,12),(15,11)])
((15,11),[(15,12),(14,11)])
((14,11),[(14,12),(13,11),(14,10)])
((14,10),[(13,10),(14,9)])
((14,9),[(13,9),(14,8)])
((14,8),[(13,8),(14,7)])
((14,7),[(13,7),(14,6)])
((14,6),[(15,6),(13,6),(14,5)])
((14,5),[(15,5)])
((15,5),[(15,6)])
((15,6),[(16,6)])
((16,6),[])
((13,6),[(13,7),(12,6)])
((12,6),[(12,7),(11,6)])
((11,6),[(11,7),(10,6),(11,5)])
((11,5),[(10,5),(11,4)])
((11,4),[(10,4),(11,3)])
((11,3),[(10,3),(11,2)])
((11,2),[(12,2),(10,2),(11,1)])
((11,1),[(10,1)])
((10,1),[(10,2),(9,1),(10,0)])
((10,0),[(9,0)])
((9,0),[(9,1),(8,0)])
((8,0),[(8,1),(7,0)])
((7,0),[(7,1),(6,0)])
((6,0),[(6,1),(5,0)])
((5,0),[(5,1),(4,0)])
((4,0),[(4,1),(3,0)])
((3,0),[(3,1),(2,0)])
((2,0),[(2,1)])
((2,1),[(3,1),(2,2)])
((2,2),[(3,2),(2,3)])
((2,3),[(3,3),(2,4)])
((2,4),[(3,4)])
((3,4),[(4,4),(3,3)])
((3,3),[(4,3),(3,2)])
((3,2),[(4,2),(3,1)])
((3,1),[(4,1)])
((4,1),[(5,1),(4,2)])
((4,2),[(5,2),(4,3)])
((4,3),[(5,3),(4,4)])
((4,4),[(5,4),(4,5)])
((4,5),[(5,5)])
((5,5),[(5,4)])
((5,4),[(6,4),(5,3)])
((5,3),[(6,3),(5,2)])
((5,2),[(6,2),(5,1)])
((5,1),[(6,1)])
((6,1),[(7,1),(6,2)])
((6,2),[(7,2),(6,3)])
((6,3),[(7,3),(6,4)])
((6,4),[(7,4)])
((7,4),[(8,4),(7,3)])
((7,3),[(8,3),(7,2)])
((7,2),[(8,2),(7,1)])
((7,1),[(8,1)])
((8,1),[(9,1),(8,2)])
((8,2),[(9,2),(8,3)])
((8,3),[(9,3),(8,4)])
((8,4),[(9,4),(8,5)])
((8,5),[(9,5),(8,6)])
((8,6),[(9,6),(8,7)])
((8,7),[(9,7),(8,8)])
((8,8),[(9,8)])
((9,8),[(10,8),(9,9),(9,7)])
((9,7),[(10,7),(9,6)])
((9,6),[(10,6),(9,5)])
((9,5),[(10,5),(9,4)])
((9,4),[(10,4),(9,3)])
((9,3),[(10,3),(9,2)])
((9,2),[(10,2),(9,1)])
((9,1),[])
((10,2),[(10,3)])
((10,3),[(10,4)])
((10,4),[(10,5)])
((10,5),[(10,6)])
((10,6),[(10,7)])
((10,7),[(11,7),(10,8)])
((10,8),[(11,8),(10,9)])
((10,9),[(11,9),(9,9)])
((9,9),[(9,10)])
((9,10),[(9,11)])
((9,11),[(8,11)])
((8,11),[(7,11)])
((7,11),[])
((11,9),[(12,9),(11,8)])
((11,8),[(12,8),(11,7)])
((11,7),[(12,7)])
((12,7),[(13,7),(12,8)])
((12,8),[(13,8),(12,9)])
((12,9),[(13,9)])
((13,9),[(13,10),(13,8)])
((13,8),[(13,7)])
((13,7),[])
((13,10),[(13,11)])
((13,11),[(13,12),(12,11)])
((12,11),[])
((13,12),[(14,12)])
((14,12),[(15,12),(14,13)])
((14,13),[(15,13)])
((15,13),[(16,13),(15,14),(15,12)])
((15,12),[(16,12)])
((16,12),[(17,12),(16,13)])
((16,13),[(17,13),(16,14)])
((16,14),[(17,14),(16,15),(15,14)])
((15,14),[(15,15)])
((15,15),[(16,15),(15,16)])
((15,16),[(16,16),(15,17),(14,16)])
((14,16),[(14,17)])
((14,17),[(15,17),(14,18)])
((14,18),[(15,18),(14,19)])
((14,19),[])
((15,18),[(16,18),(15,17)])
((15,17),[(16,17)])
((16,17),[(17,17),(16,18),(16,16)])
((16,16),[(17,16),(16,15)])
((16,15),[(17,15)])
((17,15),[(17,16),(17,14)])
((17,14),[(17,13)])
((17,13),[(17,12)])
((17,12),[])
((17,16),[(17,17)])
((17,17),[(17,18)])
((17,18),[(16,18)])
((16,18),[])
((17,16),[])
((16,18),[])
((17,17),[])
((16,18),[])
((15,17),[])
((15,17),[])
((16,16),[])
((16,15),[])
((16,15),[])
((17,14),[])
((17,13),[])
((17,12),[])
((15,14),[])
((16,13),[])
((15,12),[])
((13,8),[])
((13,7),[])
((12,8),[])
((12,9),[])
((11,8),[])
((11,7),[])
((10,3),[])
((10,4),[])
((10,5),[])
((10,6),[])
((10,7),[])
((9,9),[])
((10,8),[])
((9,7),[])
((9,6),[])
((9,5),[])
((9,4),[])
((9,3),[])
((9,2),[])
((9,1),[])
((8,2),[])
((8,3),[])
((8,4),[])
((7,3),[])
((7,2),[])
((7,1),[])
((6,2),[])
((6,3),[])
((6,4),[])
((5,4),[])
((5,3),[])
((5,2),[])
((5,1),[])
((4,2),[])
((4,3),[])
((4,4),[])
((3,3),[])
((3,2),[])
((3,1),[])
((3,1),[])
((4,1),[])
((5,1),[])
((6,1),[])
((7,1),[])
((8,1),[])
((9,1),[])
((9,1),[])
((10,2),[])
((10,2),[])
((12,2),[])
((10,3),[])
((10,4),[])
((10,5),[])
((10,6),[])
((11,7),[])
((12,7),[])
((13,7),[])
((15,6),[])
((13,7),[])
((13,8),[])
((13,9),[])
((13,10),[])
((13,11),[])
((14,12),[])
((15,12),[])
((16,12),[])
((17,12),[])
((19,11),[(20,11),(19,12),(19,10)])
((19,10),[(20,10),(19,9)])
((19,9),[(20,9),(19,8)])
((19,8),[(20,8),(19,7)])
((19,7),[(20,7),(18,7),(19,6)])
((19,6),[(20,6),(19,5)])
((19,5),[(20,5),(19,4)])
((19,4),[(20,4),(19,3)])
((19,3),[(20,3),(18,3)])
((18,3),[])
((20,3),[(21,3),(20,4),(20,2)])
((20,2),[(21,2)])
((21,2),[(22,2),(21,3),(21,1)])
((21,1),[(22,1),(21,0)])
((21,0),[(22,0)])
((22,0),[(23,0),(22,1)])
((22,1),[(23,1),(22,2)])
((22,2),[(23,2),(22,3)])
((22,3),[(23,3),(22,4),(21,3)])
((21,3),[(21,4)])
((21,4),[(22,4),(21,5),(20,4)])
((20,4),[(20,5)])
((20,5),[(21,5),(20,6)])
((20,6),[(21,6),(20,7)])
((20,7),[(21,7),(20,8)])
((20,8),[(21,8),(20,9)])
((20,9),[(21,9),(20,10)])
((20,10),[(20,11)])
((20,11),[(20,12)])
((20,12),[(20,13),(19,12)])
((19,12),[(19,13)])
((19,13),[(20,13),(19,14)])
((19,14),[(20,14),(19,15)])
((19,15),[(20,15),(19,16)])
((19,16),[(20,16),(19,17)])
((19,17),[(20,17),(19,18)])
((19,18),[(19,19)])
((19,19),[(19,20)])
((19,20),[(19,21)])
((19,21),[(20,21),(19,22)])
((19,22),[(20,22),(19,23)])
((19,23),[(20,23),(19,24)])
((19,24),[(20,24),(19,25),(18,24)])
((18,24),[(18,25)])
((18,25),[(19,25),(18,26)])
((18,26),[(19,26),(18,27)])
((18,27),[(19,27),(18,28)])
((18,28),[(19,28),(18,29)])
((18,29),[(19,29),(18,30),(17,29)])
((17,29),[(17,30),(16,29)])
((16,29),[(16,30)])
((16,30),[(17,30),(16,31)])
((16,31),[(17,31)])
((17,31),[(18,31),(17,30)])
((17,30),[(18,30)])
((18,30),[(19,30),(18,31)])
((18,31),[(19,31),(18,32)])
((18,32),[(19,32),(18,33)])
((18,33),[(19,33)])
((19,33),[(20,33),(19,32)])
((19,32),[(20,32),(19,31)])
((19,31),[(20,31),(19,30)])
((19,30),[(20,30),(19,29)])
((19,29),[(20,29),(19,28)])
((19,28),[(20,28),(19,27)])
((19,27),[(20,27),(19,26)])
((19,26),[(20,26),(19,25)])
((19,25),[(20,25)])
((20,25),[(21,25),(20,26),(20,24)])
((20,24),[(20,23)])
((20,23),[(20,22)])
((20,22),[(20,21)])
((20,21),[(21,21)])
((21,21),[])
((20,26),[(21,26),(20,27)])
((20,27),[(21,27),(20,28)])
((20,28),[(21,28),(20,29)])
((20,29),[(21,29),(20,30)])
((20,30),[(21,30),(20,31)])
((20,31),[(21,31),(20,32)])
((20,32),[(21,32),(20,33)])
((20,33),[(21,33),(20,34)])
((20,34),[(21,34),(20,35)])
((20,35),[(21,35),(20,36)])
((20,36),[(21,36),(20,37),(19,36)])
((19,36),[(19,37)])
((19,37),[(20,37),(19,38),(18,37)])
((18,37),[(18,38)])
((18,38),[(19,38),(18,39)])
((18,39),[(19,39),(18,40)])
((18,40),[(19,40),(17,40)])
((17,40),[(16,40)])
((16,40),[(15,40)])
((15,40),[(14,40),(15,39)])
((15,39),[(14,39),(15,38)])
((15,38),[])
((14,39),[(14,40),(13,39)])
((13,39),[(13,40),(12,39)])
((12,39),[(12,40),(11,39),(12,38)])
((12,38),[(11,38),(12,37)])
((12,37),[(11,37),(12,36)])
((12,36),[(13,36),(11,36)])
((11,36),[(11,37),(10,36),(11,35)])
((11,35),[(10,35),(11,34)])
((11,34),[(10,34),(11,33)])
((11,33),[(12,33),(10,33),(11,32)])
((11,32),[(12,32),(10,32),(11,31)])
((11,31),[(12,31),(10,31)])
((10,31),[(10,32),(9,31)])
((9,31),[(9,32),(9,30)])
((9,30),[(9,29)])
((9,29),[(9,28)])
((9,28),[(10,28),(9,27)])
((9,27),[(10,27),(9,26)])
((9,26),[(10,26)])
((10,26),[(10,27)])
((10,27),[(11,27),(10,28)])
((10,28),[])
((11,27),[])
((10,27),[])
((10,28),[])
((9,32),[(10,32),(9,33)])
((9,33),[(10,33),(9,34)])
((9,34),[(10,34),(9,35)])
((9,35),[(10,35),(9,36)])
((9,36),[(10,36),(9,37)])
((9,37),[(10,37),(9,38)])
((9,38),[(10,38),(9,39)])
((9,39),[(10,39),(9,40)])
((9,40),[(10,40)])
((10,40),[(11,40),(10,39)])
((10,39),[(11,39),(10,38)])
((10,38),[(11,38),(10,37)])
((10,37),[(11,37),(10,36)])
((10,36),[(10,35)])
((10,35),[(10,34)])
((10,34),[(10,33)])
((10,33),[(10,32)])
((10,32),[])
((11,37),[(11,38)])
((11,38),[(11,39)])
((11,39),[(11,40)])
((11,40),[(12,40)])
((12,40),[(13,40)])
((13,40),[(14,40)])
((14,40),[])
((11,38),[])
((11,39),[])
((11,40),[])
((10,39),[])
((10,38),[])
((10,37),[])
((10,36),[])
((10,35),[])
((10,34),[])
((10,33),[])
((10,32),[])
((10,32),[])
((12,31),[(13,31),(12,32),(12,30)])
((12,30),[])
((12,32),[(13,32),(12,33)])
((12,33),[])
((13,32),[(14,32),(13,31)])
((13,31),[])
((14,32),[(15,32),(14,33)])
((14,33),[])
((15,32),[])
((13,31),[])
((10,32),[])
((12,32),[])
((10,33),[])
((12,33),[])
((10,34),[])
((10,35),[])
((10,36),[])
((11,37),[])
((13,36),[])
((11,37),[])
((11,38),[])
((11,39),[])
((12,40),[])
((13,40),[])
((14,40),[])
((14,40),[])
((19,40),[(20,40),(19,39)])
((19,39),[(19,38)])
((19,38),[])
((20,40),[(21,40)])
((21,40),[])
((19,39),[])
((19,38),[])
((19,38),[])
((20,37),[(21,37)])
((21,37),[(22,37),(21,36)])
((21,36),[(22,36),(21,35)])
((21,35),[(22,35),(21,34)])
((21,34),[(22,34),(21,33)])
((21,33),[(22,33),(21,32)])
((21,32),[(22,32),(21,31)])
((21,31),[(22,31),(21,30)])
((21,30),[(22,30),(21,29)])
((21,29),[(22,29),(21,28)])
((21,28),[(22,28),(21,27)])
((21,27),[(22,27),(21,26)])
((21,26),[(22,26),(21,25)])
((21,25),[(22,25)])
((22,25),[(23,25),(22,26)])
((22,26),[(23,26),(22,27)])
((22,27),[(23,27),(22,28)])
((22,28),[(23,28),(22,29)])
((22,29),[(23,29),(22,30)])
((22,30),[(23,30),(22,31)])
((22,31),[(23,31),(22,32)])
((22,32),[(23,32),(22,33)])
((22,33),[(23,33),(22,34)])
((22,34),[(23,34),(22,35)])
((22,35),[(23,35),(22,36)])
((22,36),[(22,37)])
((22,37),[])
((23,35),[(24,35),(23,34)])
((23,34),[(24,34),(23,33)])
((23,33),[(24,33),(23,32)])
((23,32),[(24,32),(23,31)])
((23,31),[(24,31),(23,30)])
((23,30),[(24,30),(23,29)])
((23,29),[(24,29),(23,28)])
((23,28),[(24,28),(23,27)])
((23,27),[(24,27),(23,26)])
((23,26),[(24,26),(23,25)])
((23,25),[(24,25)])
((24,25),[(25,25),(24,26)])
((24,26),[(25,26),(24,27)])
((24,27),[(25,27),(24,28)])
((24,28),[(25,28),(24,29)])
((24,29),[(25,29),(24,30)])
((24,30),[(25,30),(24,31)])
((24,31),[(25,31),(24,32)])
((24,32),[(25,32),(24,33)])
((24,33),[(25,33),(24,34)])
((24,34),[(25,34),(24,35)])
((24,35),[(25,35)])
((25,35),[(26,35),(25,36),(25,34)])
((25,34),[(26,34),(25,33)])
((25,33),[(26,33),(25,32)])
((25,32),[(26,32),(25,31)])
((25,31),[(26,31),(25,30)])
((25,30),[(26,30),(25,29)])
((25,29),[(26,29),(25,28)])
((25,28),[(26,28),(25,27)])
((25,27),[(26,27),(25,26)])
((25,26),[(26,26),(25,25)])
((25,25),[])
((26,26),[(27,26),(26,27)])
((26,27),[(27,27),(26,28)])
((26,28),[(27,28),(26,29)])
((26,29),[(27,29),(26,30)])
((26,30),[(27,30),(26,31)])
((26,31),[(27,31),(26,32)])
((26,32),[(27,32),(26,33)])
((26,33),[(27,33),(26,34)])
((26,34),[(27,34),(26,35)])
((26,35),[(27,35),(26,36)])
((26,36),[(27,36),(26,37),(25,36)])
((25,36),[(25,37)])
((25,37),[(26,37)])
((26,37),[(27,37)])
((27,37),[(28,37),(27,36)])
((27,36),[(28,36),(27,35)])
((27,35),[(28,35),(27,34)])
((27,34),[(28,34),(27,33)])
((27,33),[(28,33),(27,32)])
((27,32),[(28,32),(27,31)])
((27,31),[(28,31),(27,30)])
((27,30),[(28,30),(27,29)])
((27,29),[(28,29),(27,28)])
((27,28),[(28,28),(27,27)])
((27,27),[(28,27),(27,26)])
((27,26),[(28,26),(27,25)])
((27,25),[(28,25)])
((28,25),[(29,25),(28,26)])
((28,26),[(29,26),(28,27)])
((28,27),[(29,27),(28,28)])
((28,28),[(29,28),(28,29)])
((28,29),[(29,29),(28,30)])
((28,30),[(29,30),(28,31)])
((28,31),[(29,31),(28,32)])
((28,32),[(29,32),(28,33)])
((28,33),[(29,33),(28,34)])
((28,34),[(29,34),(28,35)])
((28,35),[(29,35),(28,36)])
((28,36),[(29,36),(28,37)])
((28,37),[(29,37),(28,38)])
((28,38),[(29,38),(28,39)])
((28,39),[(29,39),(28,40)])
((28,40),[(29,40),(27,40)])
((27,40),[])
((29,40),[(29,39)])
((29,39),[(29,38)])
((29,38),[(30,38),(29,37)])
((29,37),[(30,37),(29,36)])
((29,36),[(30,36),(29,35)])
((29,35),[(30,35),(29,34)])
((29,34),[(30,34),(29,33)])
((29,33),[(30,33),(29,32)])
((29,32),[(30,32),(29,31)])
((29,31),[(30,31),(29,30)])
((29,30),[(30,30),(29,29)])
((29,29),[(30,29),(29,28)])
((29,28),[(30,28),(29,27)])
((29,27),[(30,27),(29,26)])
((29,26),[(30,26),(29,25)])
((29,25),[(30,25)])
((30,25),[(31,25),(30,26),(30,24)])
((30,24),[(30,23)])
((30,23),[(30,22)])
((30,22),[(29,22),(30,21)])
((30,21),[(29,21)])
((29,21),[(29,22)])
((29,22),[])
((29,22),[])
((30,26),[(31,26),(30,27)])
((30,27),[(31,27),(30,28)])
((30,28),[(31,28),(30,29)])
((30,29),[(31,29),(30,30)])
((30,30),[(31,30),(30,31)])
((30,31),[(31,31),(30,32)])
((30,32),[(31,32),(30,33)])
((30,33),[(31,33),(30,34)])
((30,34),[(31,34),(30,35)])
((30,35),[(31,35),(30,36)])
((30,36),[(31,36),(30,37)])
((30,37),[(31,37),(30,38)])
((30,38),[])
((31,37),[(32,37),(31,36)])
((31,36),[(32,36),(31,35)])
((31,35),[(32,35),(31,34)])
((31,34),[(32,34),(31,33)])
((31,33),[(32,33),(31,32)])
((31,32),[(32,32),(31,31)])
((31,31),[(32,31),(31,30)])
((31,30),[(32,30),(31,29)])
((31,29),[(32,29),(31,28)])
((31,28),[(32,28),(31,27)])
((31,27),[(32,27),(31,26)])
((31,26),[(32,26),(31,25)])
((31,25),[(32,25)])
((32,25),[(33,25),(32,26)])
((32,26),[(33,26),(32,27)])
((32,27),[(33,27),(32,28)])
((32,28),[(33,28),(32,29)])
((32,29),[(33,29),(32,30)])
((32,30),[(33,30),(32,31)])
((32,31),[(33,31),(32,32)])
((32,32),[(33,32),(32,33)])
((32,33),[(33,33),(32,34)])
((32,34),[(33,34),(32,35)])
((32,35),[(33,35),(32,36)])
((32,36),[(33,36),(32,37)])
((32,37),[(33,37)])
((33,37),[(33,36)])
((33,36),[(33,35)])
((33,35),[(33,34)])
((33,34),[(33,33)])
((33,33),[(33,32)])
((33,32),[(34,32),(33,31)])
((33,31),[(34,31),(33,30)])
((33,30),[(34,30),(33,29)])
((33,29),[(34,29),(33,28)])
((33,28),[(34,28),(33,27)])
((33,27),[(34,27),(33,26)])
((33,26),[(34,26),(33,25)])
((33,25),[(34,25)])
((34,25),[(35,25),(34,26)])
((34,26),[(35,26),(34,27)])
((34,27),[(35,27),(34,28)])
((34,28),[(35,28),(34,29)])
((34,29),[(35,29),(34,30)])
((34,30),[(35,30),(34,31)])
((34,31),[(35,31),(34,32)])
((34,32),[])
((35,31),[(36,31),(35,30)])
((35,30),[(36,30),(35,29)])
((35,29),[(36,29),(35,28)])
((35,28),[(36,28),(35,27)])
((35,27),[(36,27),(35,26)])
((35,26),[(36,26),(35,25)])
((35,25),[(36,25)])
((36,25),[(37,25),(36,26),(36,24)])
((36,24),[(37,24),(36,23)])
((36,23),[(37,23)])
((37,23),[(38,23),(37,24),(37,22)])
((37,22),[(38,22),(37,21)])
((37,21),[(38,21),(37,20)])
((37,20),[(38,20),(37,19)])
((37,19),[(38,19),(36,19),(37,18)])
((37,18),[(38,18),(36,18),(37,17)])
((37,17),[(38,17),(36,17),(37,16)])
((37,16),[(38,16),(37,15)])
((37,15),[(38,15),(37,14)])
((37,14),[(38,14),(37,13)])
((37,13),[(38,13),(37,12)])
((37,12),[(38,12),(37,11)])
((37,11),[(38,11),(36,11),(37,10)])
((37,10),[(38,10),(36,10),(37,9)])
((37,9),[(38,9),(36,9)])
((36,9),[(36,10),(35,9),(36,8)])
((36,8),[(35,8),(36,7)])
((36,7),[(35,7)])
((35,7),[(35,8),(34,7),(35,6)])
((35,6),[(34,6)])
((34,6),[(34,7),(33,6)])
((33,6),[(33,7)])
((33,7),[(34,7),(33,8),(32,7)])
((32,7),[(32,8),(31,7)])
((31,7),[(31,8)])
((31,8),[(32,8),(31,9),(30,8)])
((30,8),[(30,9)])
((30,9),[(31,9),(30,10),(29,9)])
((29,9),[(29,10),(28,9)])
((28,9),[(28,10),(27,9)])
((27,9),[(27,10),(26,9),(27,8)])
((27,8),[(26,8)])
((26,8),[(26,9),(25,8),(26,7)])
((26,7),[(25,7),(26,6)])
((26,6),[(25,6),(26,5)])
((26,5),[(25,5),(26,4)])
((26,4),[(27,4),(25,4),(26,3)])
((26,3),[(27,3),(25,3),(26,2)])
((26,2),[(27,2),(25,2),(26,1)])
((26,1),[(27,1),(25,1),(26,0)])
((26,0),[(27,0),(25,0)])
((25,0),[(25,1),(24,0)])
((24,0),[(24,1),(23,0)])
((23,0),[(23,1)])
((23,1),[(24,1),(23,2)])
((23,2),[(24,2),(23,3)])
((23,3),[(24,3),(23,4)])
((23,4),[(24,4),(23,5),(22,4)])
((22,4),[(22,5)])
((22,5),[(23,5),(22,6),(21,5)])
((21,5),[(21,6)])
((21,6),[(22,6),(21,7)])
((21,7),[(22,7),(21,8)])
((21,8),[(22,8),(21,9)])
((21,9),[(22,9)])
((22,9),[(22,8)])
((22,8),[(23,8),(22,7)])
((22,7),[(23,7),(22,6)])
((22,6),[(23,6)])
((23,6),[(24,6),(23,7),(23,5)])
((23,5),[(24,5)])
((24,5),[(25,5),(24,6),(24,4)])
((24,4),[(25,4),(24,3)])
((24,3),[(25,3),(24,2)])
((24,2),[(25,2),(24,1)])
((24,1),[(25,1)])
((25,1),[(25,2)])
((25,2),[(25,3)])
((25,3),[(25,4)])
((25,4),[(25,5)])
((25,5),[(25,6)])
((25,6),[(25,7),(24,6)])
((24,6),[(24,7)])
((24,7),[(25,7),(24,8),(23,7)])
((23,7),[(23,8)])
((23,8),[(24,8)])
((24,8),[(25,8)])
((25,8),[(25,9),(25,7)])
((25,7),[])
((25,9),[(26,9)])
((26,9),[])
((24,8),[])
((25,7),[])
((25,7),[])
((25,2),[])
((25,3),[])
((25,4),[])
((24,6),[])
((25,5),[])
((23,7),[])
((24,6),[])
((23,7),[])
((23,8),[])
((22,8),[])
((22,7),[])
((22,6),[])
((22,6),[])
((23,5),[])
((23,5),[])
((24,4),[])
((24,3),[])
((24,2),[])
((24,1),[])
((24,1),[])
((25,1),[])
((27,0),[(28,0),(27,1)])
((27,1),[(28,1),(27,2)])
((27,2),[(28,2),(27,3)])
((27,3),[(28,3),(27,4)])
((27,4),[(28,4)])
((28,4),[(29,4),(28,3)])
((28,3),[(29,3),(28,2)])
((28,2),[(29,2),(28,1)])
((28,1),[(29,1),(28,0)])
((28,0),[(29,0)])
((29,0),[(30,0),(29,1)])
((29,1),[(30,1),(29,2)])
((29,2),[(30,2),(29,3)])
((29,3),[(30,3),(29,4)])
((29,4),[(30,4)])
((30,4),[(30,3)])
((30,3),[(31,3),(30,2)])
((30,2),[(31,2),(30,1)])
((30,1),[(31,1),(30,0)])
((30,0),[(31,0)])
((31,0),[(32,0),(31,1)])
((31,1),[(32,1),(31,2)])
((31,2),[(32,2),(31,3)])
((31,3),[])
((32,2),[(32,1)])
((32,1),[(32,0)])
((32,0),[])
((32,1),[])
((32,0),[])
((31,1),[])
((31,2),[])
((31,3),[])
((30,3),[])
((30,2),[])
((30,1),[])
((30,0),[])
((29,1),[])
((29,2),[])
((29,3),[])
((29,4),[])
((28,3),[])
((28,2),[])
((28,1),[])
((28,0),[])
((25,1),[])
((27,1),[])
((25,2),[])
((27,2),[])
((25,3),[])
((27,3),[])
((25,4),[])
((27,4),[])
((25,5),[])
((25,6),[])
((25,7),[])
((25,8),[])
((26,9),[])
((26,9),[])
((27,10),[(28,10),(27,11)])
((27,11),[(28,11),(27,12)])
((27,12),[(28,12),(27,13)])
((27,13),[(28,13),(27,14),(26,13)])
((26,13),[(26,14)])
((26,14),[(27,14),(26,15)])
((26,15),[(27,15),(26,16),(25,15)])
((25,15),[(24,15)])
((24,15),[(23,15)])
((23,15),[(22,15)])
((22,15),[(22,16),(21,15)])
((21,15),[(21,16),(20,15),(21,14)])
((21,14),[(20,14)])
((20,14),[(20,15),(20,13)])
((20,13),[])
((20,15),[(20,16)])
((20,16),[(21,16),(20,17)])
((20,17),[(21,17)])
((21,17),[(22,17),(21,16)])
((21,16),[(22,16)])
((22,16),[(22,17)])
((22,17),[(22,18)])
((22,18),[])
((22,17),[])
((21,16),[])
((20,15),[])
((21,16),[])
((22,16),[])
((26,16),[(27,16)])
((27,16),[(28,16),(27,15)])
((27,15),[(28,15),(27,14)])
((27,14),[(28,14)])
((28,14),[(29,14),(28,15),(28,13)])
((28,13),[(29,13),(28,12)])
((28,12),[(29,12),(28,11)])
((28,11),[(29,11),(28,10)])
((28,10),[(29,10)])
((29,10),[(30,10),(29,11)])
((29,11),[(30,11),(29,12)])
((29,12),[(30,12),(29,13)])
((29,13),[(30,13),(29,14)])
((29,14),[(30,14),(29,15)])
((29,15),[(30,15),(29,16),(28,15)])
((28,15),[(28,16)])
((28,16),[(29,16),(28,17)])
((28,17),[(29,17),(28,18)])
((28,18),[(29,18)])
((29,18),[(30,18),(29,17)])
((29,17),[(30,17),(29,16)])
((29,16),[(30,16)])
((30,16),[(31,16),(30,17),(30,15)])
((30,15),[(31,15),(30,14)])
((30,14),[(30,13)])
((30,13),[(30,12)])
((30,12),[(30,11)])
((30,11),[(31,11),(30,10)])
((30,10),[(31,10)])
((31,10),[(32,10),(31,11),(31,9)])
((31,9),[(32,9)])
((32,9),[(33,9),(32,10),(32,8)])
((32,8),[(33,8)])
((33,8),[(34,8),(33,9)])
((33,9),[(34,9),(33,10)])
((33,10),[(34,10),(32,10)])
((32,10),[])
((34,10),[(35,10),(34,9)])
((34,9),[(35,9),(34,8)])
((34,8),[(35,8),(34,7)])
((34,7),[])
((35,8),[(35,9)])
((35,9),[(35,10)])
((35,10),[(36,10),(35,11)])
((35,11),[(36,11)])
((36,11),[(36,10)])
((36,10),[])
((36,10),[])
((35,9),[])
((35,10),[])
((34,9),[])
((34,8),[])
((32,10),[])
((33,9),[])
((31,11),[])
((32,10),[])
((31,11),[])
((31,15),[(31,16)])
((31,16),[(31,17)])
((31,17),[(32,17),(31,18),(30,17)])
((30,17),[(30,18)])
((30,18),[(31,18)])
((31,18),[(32,18),(31,19)])
((31,19),[(32,19)])
((32,19),[(32,18)])
((32,18),[(33,18),(32,17)])
((32,17),[(33,17)])
((33,17),[(34,17),(33,18)])
((33,18),[(34,18)])
((34,18),[(35,18),(34,17)])
((34,17),[(35,17),(34,16)])
((34,16),[])
((35,17),[(36,17),(35,18)])
((35,18),[(36,18)])
((36,18),[(36,19),(36,17)])
((36,17),[])
((36,19),[])
((36,17),[])
((35,18),[])
((34,17),[])
((33,18),[])
((32,18),[])
((31,18),[])
((32,17),[])
((30,17),[])
((31,16),[])
((30,17),[])
((30,18),[])
((29,17),[])
((29,16),[])
((29,16),[])
((30,15),[])
((30,14),[])
((30,13),[])
((30,12),[])
((30,11),[])
((30,10),[])
((29,11),[])
((29,12),[])
((29,13),[])
((28,15),[])
((29,14),[])
((28,15),[])
((28,16),[])
((27,15),[])
((27,14),[])
((27,14),[])
((28,13),[])
((28,12),[])
((28,11),[])
((28,10),[])
((28,10),[])
((29,10),[])
((30,10),[])
((31,9),[])
((31,9),[])
((32,8),[])
((32,8),[])
((33,8),[])
((34,7),[])
((34,7),[])
((34,7),[])
((35,8),[])
((35,8),[])
((35,9),[])
((36,10),[])
((38,9),[(39,9),(38,10)])
((38,10),[(39,10),(38,11)])
((38,11),[(39,11),(38,12)])
((38,12),[(39,12),(38,13)])
((38,13),[(39,13),(38,14)])
((38,14),[(39,14),(38,15)])
((38,15),[(39,15),(38,16)])
((38,16),[(39,16),(38,17)])
((38,17),[(39,17),(38,18)])
((38,18),[(39,18),(38,19)])
((38,19),[(39,19),(38,20)])
((38,20),[(39,20),(38,21)])
((38,21),[(39,21),(38,22)])
((38,22),[(39,22),(38,23)])
((38,23),[(39,23),(38,24)])
((38,24),[(39,24),(38,25),(37,24)])
((37,24),[(37,25)])
((37,25),[(38,25),(37,26)])
((37,26),[(38,26),(37,27),(36,26)])
((36,26),[(36,27)])
((36,27),[(37,27),(36,28)])
((36,28),[(37,28),(36,29)])
((36,29),[(37,29),(36,30)])
((36,30),[(37,30),(36,31)])
((36,31),[(37,31)])
((37,31),[(38,31),(37,30)])
((37,30),[(38,30),(37,29)])
((37,29),[(38,29),(37,28)])
((37,28),[(38,28),(37,27)])
((37,27),[(38,27)])
((38,27),[(39,27),(38,28),(38,26)])
((38,26),[(39,26),(38,25)])
((38,25),[(39,25)])
((39,25),[(40,25),(39,26),(39,24)])
((39,24),[(40,24),(39,23)])
((39,23),[(40,23),(39,22)])
((39,22),[(40,22),(39,21)])
((39,21),[(40,21),(39,20)])
((39,20),[(39,19)])
((39,19),[(39,18)])
((39,18),[(40,18),(39,17)])
((39,17),[(40,17),(39,16)])
((39,16),[(40,16),(39,15)])
((39,15),[(40,15),(39,14)])
((39,14),[(40,14),(39,13)])
((39,13),[(40,13),(39,12)])
((39,12),[(40,12),(39,11)])
((39,11),[(40,11),(39,10)])
((39,10),[(40,10),(39,9)])
((39,9),[(40,9)])
((40,9),[(41,9),(40,10),(40,8)])
((40,8),[(41,8),(40,7)])
((40,7),[(41,7),(40,6)])
((40,6),[(41,6)])
((41,6),[(42,6),(41,7)])
((41,7),[(42,7),(41,8)])
((41,8),[(42,8),(41,9)])
((41,9),[(42,9),(41,10)])
((41,10),[(42,10),(41,11),(40,10)])
((40,10),[(40,11)])
((40,11),[(41,11),(40,12)])
((40,12),[(41,12),(40,13)])
((40,13),[(41,13),(40,14)])
((40,14),[(41,14),(40,15)])
((40,15),[(40,16)])
((40,16),[(40,17)])
((40,17),[(41,17),(40,18)])
((40,18),[])
((41,17),[])
((41,14),[(42,14),(41,13)])
((41,13),[(42,13),(41,12)])
((41,12),[(42,12),(41,11)])
((41,11),[(42,11)])
((42,11),[(42,12),(42,10)])
((42,10),[(42,9)])
((42,9),[(42,8)])
((42,8),[(43,8),(42,7)])
((42,7),[(43,7),(42,6)])
((42,6),[(42,5)])
((42,5),[])
((43,7),[(43,8)])
((43,8),[])
((43,8),[])
((42,12),[(43,12),(42,13)])
((42,13),[(43,13),(42,14)])
((42,14),[(43,14)])
((43,14),[(44,14),(43,15),(43,13)])
((43,13),[(44,13),(43,12)])
((43,12),[])
((44,13),[(45,13),(44,14)])
((44,14),[(45,14),(44,15)])
((44,15),[(45,15),(44,16),(43,15)])
((43,15),[])
((44,16),[])
((45,15),[(45,14)])
((45,14),[(46,14),(45,13)])
((45,13),[(46,13)])
((46,13),[(47,13),(46,14)])
((46,14),[(47,14)])
((47,14),[(48,14),(47,15),(47,13)])
((47,13),[(48,13),(47,12)])
((47,12),[(48,12)])
((48,12),[(49,12),(48,13)])
((48,13),[(49,13),(48,14)])
((48,14),[(49,14),(48,15)])
((48,15),[(49,15),(48,16),(47,15)])
((47,15),[(47,16)])
((47,16),[(48,16),(47,17)])
((47,17),[(48,17),(47,18)])
((47,18),[(48,18)])
((48,18),[(49,18),(48,19),(48,17)])
((48,17),[(49,17),(48,16)])
((48,16),[(49,16)])
((49,16),[(49,17),(49,15)])
((49,15),[(50,15),(49,14)])
((49,14),[(50,14),(49,13)])
((49,13),[(50,13),(49,12)])
((49,12),[(50,12),(49,11)])
((49,11),[(50,11),(49,10)])
((49,10),[(50,10),(49,9)])
((49,9),[(50,9),(49,8)])
((49,8),[(50,8),(49,7)])
((49,7),[(50,7),(49,6)])
((49,6),[(50,6),(48,6),(49,5)])
((49,5),[(50,5),(48,5),(49,4)])
((49,4),[(50,4),(48,4),(49,3)])
((49,3),[(50,3),(48,3),(49,2)])
((49,2),[(50,2),(48,2),(49,1)])
((49,1),[(50,1),(48,1),(49,0)])
((49,0),[(50,0),(48,0)])
((48,0),[(48,1),(47,0)])
((47,0),[(47,1),(46,0)])
((46,0),[(46,1),(45,0)])
((45,0),[(45,1)])
((45,1),[(46,1)])
((46,1),[(47,1)])
((47,1),[(48,1),(47,2)])
((47,2),[(48,2),(47,3)])
((47,3),[(48,3),(47,4)])
((47,4),[(48,4),(47,5),(46,4)])
((46,4),[(46,5),(45,4)])
((45,4),[(45,5)])
((45,5),[(46,5),(45,6)])
((45,6),[(46,6)])
((46,6),[(47,6),(46,5)])
((46,5),[(47,5)])
((47,5),[(48,5),(47,6)])
((47,6),[(48,6)])
((48,6),[(48,5)])
((48,5),[(48,4)])
((48,4),[(48,3)])
((48,3),[(48,2)])
((48,2),[(48,1)])
((48,1),[])
((48,5),[])
((47,6),[])
((46,5),[])
((46,5),[])
((47,5),[])
((48,4),[])
((48,3),[])
((48,2),[])
((48,1),[])
((46,1),[])
((47,1),[])
((48,1),[])
((50,0),[(51,0),(50,1)])
((50,1),[(51,1),(50,2)])
((50,2),[(51,2),(50,3)])
((50,3),[(51,3),(50,4)])
((50,4),[(51,4),(50,5)])
((50,5),[(51,5),(50,6)])
((50,6),[(51,6),(50,7)])
((50,7),[(51,7),(50,8)])
((50,8),[(51,8),(50,9)])
((50,9),[(51,9),(50,10)])
((50,10),[(51,10),(50,11)])
((50,11),[(51,11),(50,12)])
((50,12),[(51,12),(50,13)])
((50,13),[(51,13),(50,14)])
((50,14),[(51,14),(50,15)])
((50,15),[(51,15)])
((51,15),[(52,15),(51,14)])
((51,14),[(52,14),(51,13)])
((51,13),[(52,13),(51,12)])
((51,12),[(52,12),(51,11)])
((51,11),[(52,11),(51,10)])
((51,10),[(52,10),(51,9)])
((51,9),[(52,9),(51,8)])
((51,8),[(52,8),(51,7)])
((51,7),[(52,7),(51,6)])
((51,6),[(52,6),(51,5)])
((51,5),[(52,5),(51,4)])
((51,4),[(52,4),(51,3)])
((51,3),[(52,3),(51,2)])
((51,2),[(52,2),(51,1)])
((51,1),[(52,1),(51,0)])
((51,0),[(52,0)])
((52,0),[(53,0),(52,1)])
((52,1),[(53,1),(52,2)])
((52,2),[(53,2),(52,3)])
((52,3),[(53,3),(52,4)])
((52,4),[(53,4),(52,5)])
((52,5),[(53,5),(52,6)])
((52,6),[(53,6),(52,7)])
((52,7),[(53,7),(52,8)])
((52,8),[(53,8),(52,9)])
((52,9),[(53,9),(52,10)])
((52,10),[(53,10),(52,11)])
((52,11),[(53,11),(52,12)])
((52,12),[(53,12),(52,13)])
((52,13),[(53,13),(52,14)])
((52,14),[(53,14),(52,15)])
((52,15),[(53,15)])
((53,15),[(54,15),(53,16),(53,14)])
((53,14),[(54,14),(53,13)])
((53,13),[(54,13),(53,12)])
((53,12),[(54,12),(53,11)])
((53,11),[(54,11),(53,10)])
((53,10),[(54,10),(53,9)])
((53,9),[(54,9),(53,8)])
((53,8),[(54,8),(53,7)])
((53,7),[(54,7),(53,6)])
((53,6),[(54,6),(53,5)])
((53,5),[(54,5),(53,4)])
((53,4),[(54,4),(53,3)])
((53,3),[(54,3),(53,2)])
((53,2),[(54,2),(53,1)])
((53,1),[(54,1),(53,0)])
((53,0),[(54,0)])
((54,0),[(55,0),(54,1)])
((54,1),[(55,1),(54,2)])
((54,2),[(55,2),(54,3)])
((54,3),[(55,3),(54,4)])
((54,4),[(55,4),(54,5)])
((54,5),[(54,6)])
((54,6),[(54,7)])
((54,7),[(55,7),(54,8)])
((54,8),[(55,8),(54,9)])
((54,9),[(55,9),(54,10)])
((54,10),[(55,10),(54,11)])
((54,11),[(55,11),(54,12)])
((54,12),[(55,12),(54,13)])
((54,13),[(55,13),(54,14)])
((54,14),[(55,14),(54,15)])
((54,15),[])
((55,14),[(56,14),(55,13)])
((55,13),[(55,12)])
((55,12),[(55,11)])
((55,11),[(55,10)])
((55,10),[(55,9)])
((55,9),[(56,9),(55,8)])
((55,8),[(56,8),(55,7)])
((55,7),[(56,7)])
((56,7),[(57,7),(56,8)])
((56,8),[(57,8),(56,9)])
((56,9),[(57,9)])
((57,9),[(58,9),(57,8)])
((57,8),[(57,7)])
((57,7),[])
((58,9),[(59,9)])
((59,9),[(60,9),(59,10)])
((59,10),[(60,10)])
((60,10),[(61,10),(60,11),(60,9)])
((60,9),[(61,9),(60,8)])
((60,8),[(61,8),(60,7)])
((60,7),[(61,7)])
((61,7),[(62,7),(61,8)])
((61,8),[(62,8),(61,9)])
((61,9),[(62,9),(61,10)])
((61,10),[(62,10),(61,11)])
((61,11),[(60,11)])
((60,11),[])
((62,10),[(63,10),(62,9)])
((62,9),[(63,9),(62,8)])
((62,8),[(63,8),(62,7)])
((62,7),[(63,7)])
((63,7),[(64,7),(63,8),(63,6)])
((63,6),[(64,6),(63,5)])
((63,5),[(64,5),(63,4)])
((63,4),[(64,4),(62,4),(63,3)])
((63,3),[(64,3),(62,3),(63,2)])
((63,2),[(64,2),(62,2),(63,1)])
((63,1),[(64,1),(62,1),(63,0)])
((63,0),[(64,0),(62,0)])
((62,0),[(62,1),(61,0)])
((61,0),[(60,0)])
((60,0),[(60,1),(59,0)])
((59,0),[(59,1),(58,0)])
((58,0),[(58,1),(57,0)])
((57,0),[(56,0)])
((56,0),[(55,0)])
((55,0),[(55,1)])
((55,1),[(55,2)])
((55,2),[(55,3)])
((55,3),[(56,3),(55,4)])
((55,4),[])
((56,3),[])
((58,1),[(59,1)])
((59,1),[(60,1),(59,2)])
((59,2),[])
((60,1),[])
((59,1),[])
((60,1),[])
((62,1),[(62,2)])
((62,2),[(62,3)])
((62,3),[(62,4)])
((62,4),[])
((64,0),[(65,0),(64,1)])
((64,1),[(65,1),(64,2)])
((64,2),[(65,2),(64,3)])
((64,3),[(65,3),(64,4)])
((64,4),[(65,4),(64,5)])
((64,5),[(65,5),(64,6)])
((64,6),[(65,6),(64,7)])
((64,7),[(65,7),(64,8)])
((64,8),[(65,8),(64,9),(63,8)])
((63,8),[(63,9)])
((63,9),[(64,9),(63,10)])
((63,10),[])
((64,9),[(65,9)])
((65,9),[(66,9),(65,8)])
((65,8),[(66,8),(65,7)])
((65,7),[(66,7),(65,6)])
((65,6),[(66,6),(65,5)])
((65,5),[(66,5),(65,4)])
((65,4),[(66,4),(65,3)])
((65,3),[(66,3),(65,2)])
((65,2),[(66,2),(65,1)])
((65,1),[(66,1),(65,0)])
((65,0),[(66,0)])
((66,0),[(67,0),(66,1)])
((66,1),[(67,1),(66,2)])
((66,2),[(67,2),(66,3)])
((66,3),[(67,3),(66,4)])
((66,4),[(67,4),(66,5)])
((66,5),[(67,5),(66,6)])
((66,6),[(67,6),(66,7)])
((66,7),[(66,8)])
((66,8),[(66,9)])
((66,9),[(67,9)])
((67,9),[])
((67,6),[(68,6),(67,5)])
((67,5),[(68,5),(67,4)])
((67,4),[(68,4),(67,3)])
((67,3),[(68,3),(67,2)])
((67,2),[(68,2),(67,1)])
((67,1),[(68,1),(67,0)])
((67,0),[(68,0)])
((68,0),[(69,0),(68,1)])
((68,1),[(69,1),(68,2)])
((68,2),[(69,2),(68,3)])
((68,3),[(69,3),(68,4)])
((68,4),[(69,4),(68,5)])
((68,5),[(69,5),(68,6)])
((68,6),[(69,6)])
((69,6),[(70,6),(69,5)])
((69,5),[(70,5),(69,4)])
((69,4),[(70,4),(69,3)])
((69,3),[(70,3),(69,2)])
((69,2),[(70,2),(69,1)])
((69,1),[(70,1),(69,0)])
((69,0),[(70,0)])
((70,0),[(71,0),(70,1)])
((70,1),[(71,1),(70,2)])
((70,2),[(70,3)])
((70,3),[(71,3),(70,4)])
((70,4),[(70,5)])
((70,5),[(71,5),(70,6)])
((70,6),[])
((71,5),[])
((71,3),[])
((71,1),[(72,1),(71,0)])
((71,0),[(72,0)])
((72,0),[(73,0),(72,1)])
((72,1),[(73,1)])
((73,1),[(74,1),(73,0)])
((73,0),[(74,0)])
((74,0),[(75,0),(74,1)])
((74,1),[(75,1),(74,2)])
((74,2),[(75,2)])
((75,2),[(76,2),(75,3),(75,1)])
((75,1),[(76,1),(75,0)])
((75,0),[(76,0)])
((76,0),[(77,0),(76,1)])
((76,1),[(77,1),(76,2)])
((76,2),[(77,2),(76,3)])
((76,3),[(77,3),(76,4),(75,3)])
((75,3),[(75,4)])
((75,4),[(76,4)])
((76,4),[(77,4),(76,5)])
((76,5),[(77,5)])
((77,5),[(78,5),(77,4)])
((77,4),[(78,4),(77,3)])
((77,3),[(78,3),(77,2)])
((77,2),[(78,2),(77,1)])
((77,1),[(78,1),(77,0)])
((77,0),[(78,0)])
((78,0),[(79,0),(78,1)])
((78,1),[(79,1),(78,2)])
((78,2),[(79,2),(78,3)])
((78,3),[(79,3),(78,4)])
((78,4),[(79,4),(78,5)])
((78,5),[(79,5)])
((79,5),[(80,5),(79,6),(79,4)])
((79,4),[(80,4),(79,3)])
((79,3),[(80,3),(79,2)])
((79,2),[(80,2),(79,1)])
((79,1),[(80,1),(79,0)])
((79,0),[(80,0)])
((80,0),[(81,0),(80,1)])
((80,1),[(81,1),(80,2)])
((80,2),[(81,2),(80,3)])
((80,3),[(81,3),(80,4)])
((80,4),[(81,4),(80,5)])
((80,5),[(81,5),(80,6)])
((80,6),[(81,6),(80,7),(79,6)])
((79,6),[])
((80,7),[(81,7),(80,8)])
((80,8),[(81,8)])
((81,8),[(82,8),(81,9),(81,7)])
((81,7),[(82,7),(81,6)])
((81,6),[(82,6),(81,5)])
((81,5),[(82,5),(81,4)])
((81,4),[(82,4),(81,3)])
((81,3),[(82,3),(81,2)])
((81,2),[(82,2),(81,1)])
((81,1),[(82,1),(81,0)])
((81,0),[(82,0)])
((82,0),[(83,0),(82,1)])
((82,1),[(83,1),(82,2)])
((82,2),[(83,2),(82,3)])
((82,3),[(83,3),(82,4)])
((82,4),[(83,4),(82,5)])
((82,5),[(83,5),(82,6)])
((82,6),[(83,6),(82,7)])
((82,7),[(83,7),(82,8)])
((82,8),[(83,8),(82,9)])
((82,9),[(83,9),(82,10),(81,9)])
((81,9),[])
((82,10),[(83,10),(82,11)])
((82,11),[(83,11)])
((83,11),[(84,11),(83,12),(83,10)])
((83,10),[(84,10)])
((84,10),[(84,11)])
((84,11),[(85,11),(84,12)])
((84,12),[(85,12),(83,12)])
((83,12),[])
((85,12),[(86,12),(85,13),(85,11)])
((85,11),[(86,11)])
((86,11),[(86,12)])
((86,12),[(87,12),(86,13)])
((86,13),[(87,13),(86,14),(85,13)])
((85,13),[])
((86,14),[(87,14)])
((87,14),[(88,14),(87,13)])
((87,13),[(88,13),(87,12)])
((87,12),[])
((88,13),[(88,14)])
((88,14),[(89,14),(88,15)])
((88,15),[(89,15),(88,16)])
((88,16),[(89,16)])
((89,16),[(90,16),(89,17),(89,15)])
((89,15),[(90,15),(89,14)])
((89,14),[])
((90,15),[(90,16)])
((90,16),[(90,17)])
((90,17),[(91,17),(90,18)])
((90,18),[(91,18),(90,19),(89,18)])
((89,18),[(89,19)])
((89,19),[(90,19),(89,20)])
((89,20),[(90,20),(89,21)])
((89,21),[(90,21),(89,22),(88,21)])
((88,21),[(88,22)])
((88,22),[(89,22),(88,23),(87,22)])
((87,22),[(87,23)])
((87,23),[(88,23),(87,24)])
((87,24),[(88,24),(87,25),(86,24)])
((86,24),[(86,25)])
((86,25),[(87,25),(86,26),(85,25)])
((85,25),[(85,26)])
((85,26),[(86,26),(85,27),(84,26)])
((84,26),[(84,27)])
((84,27),[(85,27),(84,28)])
((84,28),[(85,28),(84,29)])
((84,29),[(85,29),(84,30)])
((84,30),[(85,30),(84,31),(83,30)])
((83,30),[(83,31)])
((83,31),[(84,31),(83,32)])
((83,32),[(84,32),(83,33),(82,32)])
((82,32),[(82,33)])
((82,33),[(83,33),(82,34),(81,33)])
((81,33),[(81,34)])
((81,34),[(81,35),(80,34)])
((80,34),[(80,35),(79,34)])
((79,34),[(79,35),(78,34)])
((78,34),[(78,35),(77,34)])
((77,34),[(77,35),(76,34)])
((76,34),[(76,35),(75,34)])
((75,34),[(75,35),(74,34),(75,33)])
((75,33),[(74,33)])
((74,33),[(74,34),(73,33)])
((73,33),[(73,34),(72,33),(73,32)])
((73,32),[(72,32)])
((72,32),[(72,33),(71,32)])
((71,32),[(71,33),(70,32)])
((70,32),[(70,33),(69,32)])
((69,32),[(69,33),(68,32)])
((68,32),[(68,33),(67,32)])
((67,32),[(67,33),(66,32)])
((66,32),[(66,33),(65,32)])
((65,32),[(65,33),(64,32)])
((64,32),[(64,33),(63,32),(64,31)])
((64,31),[(63,31)])
((63,31),[(63,32),(62,31),(63,30)])
((63,30),[(62,30)])
((62,30),[(61,30),(62,29)])
((62,29),[(61,29),(62,28)])
((62,28),[(61,28),(62,27)])
((62,27),[(61,27),(62,26)])
((62,26),[(61,26),(62,25)])
((62,25),[(61,25),(62,24)])
((62,24),[(63,24),(61,24),(62,23)])
((62,23),[(63,23),(61,23),(62,22)])
((62,22),[(61,22),(62,21)])
((62,21),[(61,21),(62,20)])
((62,20),[(61,20)])
((61,20),[(60,20),(61,19)])
((61,19),[(60,19),(61,18)])
((61,18),[(60,18),(61,17)])
((61,17),[(60,17),(61,16)])
((61,16),[(60,16),(61,15)])
((61,15),[(60,15),(61,14)])
((61,14),[(60,14),(61,13)])
((61,13),[(62,13),(60,13),(61,12)])
((61,12),[(62,12),(60,12)])
((60,12),[(60,13)])
((60,13),[(60,14)])
((60,14),[(60,15),(59,14)])
((59,14),[(59,15)])
((59,15),[(60,15),(59,16)])
((59,16),[(60,16),(59,17)])
((59,17),[(60,17),(59,18)])
((59,18),[(60,18),(59,19)])
((59,19),[(60,19)])
((60,19),[(60,20),(60,18)])
((60,18),[(60,17)])
((60,17),[(60,16)])
((60,16),[(60,15)])
((60,15),[])
((60,20),[])
((60,18),[])
((60,17),[])
((60,16),[])
((60,15),[])
((60,15),[])
((62,12),[(63,12),(62,13),(62,11)])
((62,11),[(63,11)])
((63,11),[(64,11),(63,12)])
((63,12),[(64,12)])
((64,12),[(65,12),(64,11)])
((64,11),[(65,11),(64,10)])
((64,10),[(65,10)])
((65,10),[(66,10),(65,11)])
((65,11),[(66,11),(65,12)])
((65,12),[(66,12)])
((66,12),[(67,12),(66,11)])
((66,11),[(67,11),(66,10)])
((66,10),[(67,10)])
((67,10),[(68,10),(67,11)])
((67,11),[(68,11),(67,12)])
((67,12),[])
((68,11),[(69,11),(68,10)])
((68,10),[(69,10),(68,9)])
((68,9),[(69,9)])
((69,9),[(70,9),(69,10),(69,8)])
((69,8),[(70,8)])
((70,8),[(71,8),(70,9)])
((70,9),[(71,9),(70,10)])
((70,10),[(69,10)])
((69,10),[(69,11)])
((69,11),[])
((71,9),[(71,8)])
((71,8),[(72,8),(71,7)])
((71,7),[(72,7)])
((72,7),[(73,7),(72,8),(72,6)])
((72,6),[(73,6)])
((73,6),[(74,6),(73,7)])
((73,7),[(74,7),(73,8)])
((73,8),[(74,8),(72,8)])
((72,8),[])
((74,8),[(74,7)])
((74,7),[(75,7),(74,6)])
((74,6),[(75,6)])
((75,6),[(76,6),(75,7),(75,5)])
((75,5),[])
((75,7),[(76,7)])
((76,7),[(77,7),(76,8),(76,6)])
((76,6),[(77,6)])
((77,6),[(78,6),(77,7)])
((77,7),[(78,7),(77,8)])
((77,8),[(78,8),(76,8)])
((76,8),[])
((78,8),[(79,8),(78,9),(78,7)])
((78,7),[(79,7),(78,6)])
((78,6),[])
((79,7),[(79,8)])
((79,8),[(79,9)])
((79,9),[(80,9),(79,10),(78,9)])
((78,9),[])
((79,10),[(80,10),(79,11)])
((79,11),[(80,11)])
((80,11),[(81,11),(80,12)])
((80,12),[(81,12),(80,13)])
((80,13),[(81,13)])
((81,13),[(82,13),(81,14),(81,12)])
((81,12),[(82,12),(81,11)])
((81,11),[])
((82,12),[(82,13)])
((82,13),[(83,13),(82,14)])
((82,14),[(83,14),(81,14)])
((81,14),[])
((83,14),[(84,14),(83,15),(83,13)])
((83,13),[(84,13)])
((84,13),[(84,14)])
((84,14),[(85,14),(84,15)])
((84,15),[(85,15),(84,16),(83,15)])
((83,15),[])
((84,16),[(85,16)])
((85,16),[(86,16),(85,17),(85,15)])
((85,15),[(86,15),(85,14)])
((85,14),[])
((86,15),[(87,15),(86,16)])
((86,16),[(87,16),(86,17)])
((86,17),[(87,17),(86,18),(85,17)])
((85,17),[])
((86,18),[(87,18),(86,19)])
((86,19),[(87,19),(86,20)])
((86,20),[(87,20),(86,21)])
((86,21),[(87,21),(86,22),(85,21)])
((85,21),[(85,22)])
((85,22),[(86,22),(85,23),(84,22)])
((84,22),[(84,23)])
((84,23),[(85,23),(84,24),(83,23)])
((83,23),[(83,24)])
((83,24),[(84,24),(83,25),(82,24)])
((82,24),[(82,25)])
((82,25),[(83,25),(82,26)])
((82,26),[(83,26),(82,27)])
((82,27),[(82,28)])
((82,28),[(83,28),(82,29),(81,28)])
((81,28),[(81,29)])
((81,29),[(82,29),(81,30)])
((81,30),[(82,30),(81,31),(80,30)])
((80,30),[(80,31)])
((80,31),[(81,31),(80,32),(79,31)])
((79,31),[(79,32),(78,31)])
((78,31),[(78,32),(77,31)])
((77,31),[(77,32),(76,31)])
((76,31),[(76,32),(75,31)])
((75,31),[(75,32),(74,31),(75,30)])
((75,30),[(74,30)])
((74,30),[(74,31),(73,30)])
((73,30),[(73,31),(72,30),(73,29)])
((73,29),[(72,29)])
((72,29),[(72,30),(71,29)])
((71,29),[(71,30)])
((71,30),[(72,30),(71,31),(70,30)])
((70,30),[(70,31),(69,30)])
((69,30),[(69,31),(68,30)])
((68,30),[(68,31),(67,30)])
((67,30),[(67,31),(66,30),(67,29)])
((67,29),[(66,29)])
((66,29),[(66,30),(65,29)])
((65,29),[(64,29),(65,28)])
((65,28),[(64,28),(65,27)])
((65,27),[(64,27),(65,26)])
((65,26),[(64,26),(65,25)])
((65,25),[(64,25),(65,24)])
((65,24),[(64,24),(65,23)])
((65,23),[(64,23),(65,22)])
((65,22),[(66,22),(64,22),(65,21)])
((65,21),[(64,21)])
((64,21),[(64,22),(63,21),(64,20)])
((64,20),[(63,20),(64,19)])
((64,19),[])
((63,20),[(63,21),(63,19)])
((63,19),[(62,19),(63,18)])
((63,18),[(62,18),(63,17)])
((63,17),[(62,17),(63,16)])
((63,16),[(64,16),(62,16),(63,15)])
((63,15),[(64,15),(62,15),(63,14)])
((63,14),[(64,14),(62,14)])
((62,14),[(62,15)])
((62,15),[(62,16)])
((62,16),[(62,17)])
((62,17),[(62,18)])
((62,18),[])
((64,14),[(65,14),(64,15),(64,13)])
((64,13),[(65,13)])
((65,13),[(66,13),(65,14)])
((65,14),[(66,14),(65,15)])
((65,15),[(64,15)])
((64,15),[(64,16)])
((64,16),[])
((66,14),[(67,14),(66,13)])
((66,13),[(67,13)])
((67,13),[(68,13),(67,14)])
((67,14),[(68,14)])
((68,14),[(69,14),(68,13)])
((68,13),[(69,13),(68,12)])
((68,12),[])
((69,13),[(69,14)])
((69,14),[])
((69,14),[])
((68,13),[])
((67,14),[])
((66,13),[])
((64,15),[])
((65,14),[])
((62,15),[])
((64,15),[])
((62,16),[])
((64,16),[])
((62,17),[])
((62,18),[])
((62,19),[])
((63,21),[(63,22)])
((63,22),[(64,22)])
((64,22),[(64,23)])
((64,23),[(64,24)])
((64,24),[(64,25)])
((64,25),[(64,26),(63,25)])
((63,25),[(63,26)])
((63,26),[(64,26),(63,27)])
((63,27),[(64,27),(63,28)])
((63,28),[(64,28),(63,29)])
((63,29),[(64,29)])
((64,29),[(64,28)])
((64,28),[(64,27)])
((64,27),[(64,26)])
((64,26),[])
((64,28),[])
((64,27),[])
((64,26),[])
((64,26),[])
((63,21),[])
((64,22),[])
((64,22),[])
((66,22),[])
((64,23),[])
((64,24),[])
((64,25),[])
((64,26),[])
((64,27),[])
((64,28),[])
((64,29),[])
((66,30),[(66,31),(65,30)])
((65,30),[(65,31),(64,30)])
((64,30),[])
((65,31),[(66,31)])
((66,31),[(67,31)])
((67,31),[(68,31)])
((68,31),[(69,31)])
((69,31),[(70,31)])
((70,31),[(71,31)])
((71,31),[(72,31)])
((72,31),[(73,31),(72,30)])
((72,30),[])
((73,31),[(74,31)])
((74,31),[(74,32)])
((74,32),[])
((66,31),[])
((66,30),[])
((67,31),[])
((68,31),[])
((69,31),[])
((70,31),[])
((71,31),[])
((72,30),[])
((72,30),[])
((72,30),[])
((73,31),[])
((74,31),[])
((74,31),[])
((75,32),[(76,32)])
((76,32),[(77,32),(76,33)])
((76,33),[(77,33)])
((77,33),[(78,33),(77,32)])
((77,32),[(78,32)])
((78,32),[(79,32),(78,33)])
((78,33),[(79,33)])
((79,33),[(80,33),(79,32)])
((79,32),[(80,32)])
((80,32),[(81,32),(80,33)])
((80,33),[])
((81,32),[(81,31)])
((81,31),[(82,31)])
((82,31),[(82,30)])
((82,30),[(82,29)])
((82,29),[(83,29)])
((83,29),[(83,28)])
((83,28),[])
((80,33),[])
((79,32),[])
((78,33),[])
((77,32),[])
((76,32),[])
((77,32),[])
((78,32),[])
((79,32),[])
((80,32),[])
((81,31),[])
((81,31),[])
((82,30),[])
((82,29),[])
((82,29),[])
((83,28),[])
((83,26),[(83,27),(83,25)])
((83,25),[(84,25)])
((84,25),[(84,24)])
((84,24),[(85,24)])
((85,24),[(85,23)])
((85,23),[(86,23)])
((86,23),[(86,22)])
((86,22),[])
((83,27),[])
((83,25),[])
((83,25),[])
((84,24),[])
((84,24),[])
((85,23),[])
((85,23),[])
((86,22),[])
((86,22),[])
((87,21),[(87,20)])
((87,20),[(88,20),(87,19)])
((87,19),[(88,19)])
((88,19),[(88,20)])
((88,20),[])
((88,20),[])
((87,20),[])
((87,19),[])
((87,18),[(88,18),(87,17)])
((87,17),[(88,17),(87,16)])
((87,16),[(87,15)])
((87,15),[])
((88,17),[(88,18)])
((88,18),[])
((88,18),[])
((87,17),[])
((87,16),[])
((87,15),[])
((85,17),[])
((86,16),[])
((85,15),[])
((85,14),[])
((83,15),[])
((84,14),[])
((83,13),[])
((81,14),[])
((82,13),[])
((81,12),[])
((81,11),[])
((80,10),[(81,10),(80,9)])
((80,9),[])
((81,10),[])
((80,9),[])
((78,9),[])
((79,8),[])
((78,7),[])
((78,6),[])
((76,8),[])
((77,7),[])
((76,6),[])
((75,7),[])
((74,7),[])
((74,6),[])
((72,8),[])
((73,7),[])
((72,8),[])
((71,8),[])
((69,10),[])
((70,9),[])
((69,10),[])
((69,11),[])
((68,10),[])
((67,11),[])
((67,12),[])
((66,11),[])
((66,10),[])
((65,11),[])
((65,12),[])
((64,11),[])
((62,13),[(63,13)])
((63,13),[])
((63,12),[])
((60,13),[])
((62,13),[])
((60,14),[])
((60,15),[])
((60,16),[])
((60,17),[])
((60,18),[])
((60,19),[])
((60,20),[])
((61,21),[(61,22),(60,21)])
((60,21),[(60,22)])
((60,22),[(61,22)])
((61,22),[(61,23)])
((61,23),[(61,24)])
((61,24),[(61,25)])
((61,25),[(61,26)])
((61,26),[(61,27)])
((61,27),[(61,28)])
((61,28),[(61,29)])
((61,29),[(61,30)])
((61,30),[])
((61,22),[])
((61,22),[])
((61,23),[])
((63,23),[(63,24)])
((63,24),[])
((61,24),[])
((63,24),[])
((61,25),[])
((61,26),[])
((61,27),[])
((61,28),[])
((61,29),[])
((61,30),[])
((62,31),[(62,32),(61,31)])
((61,31),[])
((62,32),[(63,32)])
((63,32),[(63,33)])
((63,33),[(64,33)])
((64,33),[(65,33),(64,34)])
((64,34),[(65,34)])
((65,34),[(66,34),(65,33)])
((65,33),[(66,33)])
((66,33),[(67,33),(66,34)])
((66,34),[(67,34)])
((67,34),[(68,34),(67,33)])
((67,33),[(68,33)])
((68,33),[(69,33),(68,34)])
((68,34),[(69,34)])
((69,34),[(70,34),(69,33)])
((69,33),[(70,33)])
((70,33),[(71,33),(70,34)])
((70,34),[(71,34)])
((71,34),[(71,33)])
((71,33),[])
((71,33),[])
((70,34),[])
((69,33),[])
((68,34),[])
((67,33),[])
((66,34),[])
((65,33),[])
((63,32),[])
((63,32),[])
((64,33),[])
((65,33),[])
((66,33),[])
((67,33),[])
((68,33),[])
((69,33),[])
((70,33),[])
((71,33),[])
((72,33),[(72,34)])
((72,34),[(73,34)])
((73,34),[(74,34)])
((74,34),[(74,35)])
((74,35),[(75,35)])
((75,35),[(76,35)])
((76,35),[(77,35)])
((77,35),[(78,35),(77,36)])
((77,36),[(78,36)])
((78,36),[(79,36),(78,35)])
((78,35),[(79,35)])
((79,35),[(80,35),(79,36)])
((79,36),[(80,36)])
((80,36),[(81,36),(80,35)])
((80,35),[(81,35)])
((81,35),[(81,36)])
((81,36),[])
((81,36),[])
((80,35),[])
((79,36),[])
((78,35),[])
((72,33),[])
((73,34),[])
((74,34),[])
((74,34),[])
((75,35),[])
((76,35),[])
((77,35),[])
((78,35),[])
((79,35),[])
((80,35),[])
((81,35),[])
((82,34),[(83,34),(82,35)])
((82,35),[])
((83,34),[(83,33)])
((83,33),[(84,33)])
((84,33),[(84,32)])
((84,32),[(85,32),(84,31)])
((84,31),[(85,31)])
((85,31),[(85,32),(85,30)])
((85,30),[(85,29)])
((85,29),[(86,29),(85,28)])
((85,28),[(86,28),(85,27)])
((85,27),[(86,27)])
((86,27),[(86,28),(86,26)])
((86,26),[])
((86,28),[(86,29)])
((86,29),[])
((86,28),[])
((86,29),[])
((85,32),[])
((85,32),[])
((83,33),[])
((83,33),[])
((84,32),[])
((84,31),[])
((84,31),[])
((85,30),[])
((85,29),[])
((85,28),[])
((85,27),[])
((85,27),[])
((86,26),[])
((86,26),[])
((87,25),[(87,26)])
((87,26),[])
((87,25),[])
((88,24),[(88,23)])
((88,23),[(89,23)])
((89,23),[(89,22)])
((89,22),[(90,22)])
((90,22),[(90,21)])
((90,21),[(90,20)])
((90,20),[(91,20),(90,19)])
((90,19),[(91,19)])
((91,19),[(91,20),(91,18)])
((91,18),[(91,17)])
((91,17),[])
((91,20),[])
((91,20),[])
((88,23),[])
((88,23),[])
((89,22),[])
((89,22),[])
((90,21),[])
((90,20),[])
((90,19),[])
((90,19),[])
((91,18),[])
((91,17),[])
((89,17),[])
((90,16),[])
((89,15),[])
((89,14),[])
((88,14),[])
((87,13),[])
((87,12),[])
((85,13),[])
((86,12),[])
((85,11),[])
((83,12),[])
((84,11),[])
((83,10),[])
((83,9),[(83,8)])
((83,8),[(83,7)])
((83,7),[(84,7),(83,6)])
((83,6),[(84,6),(83,5)])
((83,5),[(84,5),(83,4)])
((83,4),[(84,4),(83,3)])
((83,3),[(84,3),(83,2)])
((83,2),[(84,2),(83,1)])
((83,1),[(84,1),(83,0)])
((83,0),[(84,0)])
((84,0),[(85,0),(84,1)])
((84,1),[(85,1),(84,2)])
((84,2),[(85,2),(84,3)])
((84,3),[(85,3),(84,4)])
((84,4),[(85,4),(84,5)])
((84,5),[(85,5),(84,6)])
((84,6),[(85,6),(84,7)])
((84,7),[(85,7)])
((85,7),[(86,7),(85,8),(85,6)])
((85,6),[(86,6),(85,5)])
((85,5),[(86,5),(85,4)])
((85,4),[(86,4),(85,3)])
((85,3),[(86,3),(85,2)])
((85,2),[(86,2),(85,1)])
((85,1),[(86,1),(85,0)])
((85,0),[(86,0)])
((86,0),[(87,0),(86,1)])
((86,1),[(87,1),(86,2)])
((86,2),[(87,2),(86,3)])
((86,3),[(87,3),(86,4)])
((86,4),[(87,4),(86,5)])
((86,5),[(87,5),(86,6)])
((86,6),[(87,6),(86,7)])
((86,7),[])
((87,6),[(88,6),(87,5)])
((87,5),[(88,5),(87,4)])
((87,4),[(88,4),(87,3)])
((87,3),[(88,3),(87,2)])
((87,2),[(88,2),(87,1)])
((87,1),[(88,1),(87,0)])
((87,0),[(88,0)])
((88,0),[(88,1)])
((88,1),[(88,2)])
((88,2),[(89,2),(88,3)])
((88,3),[(89,3),(88,4)])
((88,4),[(89,4),(88,5)])
((88,5),[(89,5),(88,6)])
((88,6),[(89,6)])
((89,6),[(90,6),(89,7),(89,5)])
((89,5),[(90,5),(89,4)])
((89,4),[(90,4),(89,3)])
((89,3),[(90,3),(89,2)])
((89,2),[])
((90,3),[(91,3),(90,4)])
((90,4),[(91,4),(90,5)])
((90,5),[(90,6)])
((90,6),[(91,6),(90,7)])
((90,7),[(91,7),(90,8),(89,7)])
((89,7),[(89,8)])
((89,8),[(90,8)])
((90,8),[(91,8)])
((91,8),[(92,8),(91,9),(91,7)])
((91,7),[(92,7),(91,6)])
((91,6),[(92,6)])
((92,6),[(93,6),(92,7)])
((92,7),[(93,7),(92,8)])
((92,8),[(93,8),(92,9)])
((92,9),[(93,9),(92,10),(91,9)])
((91,9),[(91,10)])
((91,10),[(92,10),(91,11)])
((91,11),[(92,11),(91,12),(90,11)])
((90,11),[(90,12)])
((90,12),[(91,12),(90,13),(89,12)])
((89,12),[])
((90,13),[(91,13),(90,14)])
((90,14),[(91,14)])
((91,14),[(92,14),(91,15),(91,13)])
((91,13),[(92,13),(91,12)])
((91,12),[(92,12)])
((92,12),[(93,12),(92,13),(92,11)])
((92,11),[(93,11),(92,10)])
((92,10),[(93,10)])
((93,10),[(94,10),(93,11),(93,9)])
((93,9),[(94,9),(93,8)])
((93,8),[(94,8),(93,7)])
((93,7),[(94,7),(93,6)])
((93,6),[(94,6)])
((94,6),[(94,7),(94,5)])
((94,5),[(94,4)])
((94,4),[])
((94,7),[(94,8)])
((94,8),[(94,9)])
((94,9),[(94,10)])
((94,10),[(94,11)])
((94,11),[(94,12),(93,11)])
((93,11),[(93,12)])
((93,12),[(94,12),(93,13)])
((93,13),[(94,13),(93,14),(92,13)])
((92,13),[(92,14)])
((92,14),[(93,14),(92,15)])
((92,15),[(93,15),(92,16),(91,15)])
((91,15),[(91,16)])
((91,16),[(92,16)])
((92,16),[(93,16),(92,17)])
((92,17),[(93,17),(92,18)])
((92,18),[(93,18),(92,19)])
((92,19),[(93,19),(92,20)])
((92,20),[(93,20),(92,21)])
((92,21),[(93,21),(92,22),(91,21)])
((91,21),[(91,22)])
((91,22),[(92,22),(91,23)])
((91,23),[(92,23),(91,24),(90,23)])
((90,23),[(90,24)])
((90,24),[(91,24),(90,25),(89,24)])
((89,24),[(89,25)])
((89,25),[(90,25),(89,26),(88,25)])
((88,25),[(88,26)])
((88,26),[(89,26),(88,27)])
((88,27),[(89,27)])
((89,27),[(90,27),(89,26)])
((89,26),[(90,26)])
((90,26),[(91,26),(90,27),(90,25)])
((90,25),[(91,25)])
((91,25),[(92,25),(91,26),(91,24)])
((91,24),[(92,24)])
((92,24),[(93,24),(92,25),(92,23)])
((92,23),[(93,23),(92,22)])
((92,22),[(93,22)])
((93,22),[(94,22),(93,23),(93,21)])
((93,21),[(94,21),(93,20)])
((93,20),[(94,20),(93,19)])
((93,19),[(94,19),(93,18)])
((93,18),[(94,18),(93,17)])
((93,17),[(94,17),(93,16)])
((93,16),[(94,16),(93,15)])
((93,15),[(94,15),(93,14)])
((93,14),[(94,14)])
((94,14),[(94,15),(94,13)])
((94,13),[(94,12)])
((94,12),[])
((94,15),[(94,16)])
((94,16),[(94,17)])
((94,17),[(94,18)])
((94,18),[(94,19)])
((94,19),[(94,20)])
((94,20),[(94,21)])
((94,21),[(94,22)])
((94,22),[(94,23)])
((94,23),[(94,24),(93,23)])
((93,23),[(93,24)])
((93,24),[(94,24),(93,25)])
((93,25),[(94,25),(93,26),(92,25)])
((92,25),[(92,26)])
((92,26),[(93,26),(92,27),(91,26)])
((91,26),[(91,27)])
((91,27),[(92,27),(91,28),(90,27)])
((90,27),[])
((91,28),[(92,28),(91,29)])
((91,29),[(92,29),(91,30)])
((91,30),[(92,30),(91,31)])
((91,31),[(92,31),(91,32),(90,31)])
((90,31),[(90,32)])
((90,32),[(91,32)])
((91,32),[(92,32),(91,33)])
((91,33),[(92,33),(91,34)])
((91,34),[(92,34),(91,35),(90,34)])
((90,34),[(90,35),(89,34)])
((89,34),[(89,35),(88,34)])
((88,34),[(88,35),(87,34)])
((87,34),[(87,35),(87,33)])
((87,33),[])
((87,35),[(88,35),(87,36),(86,35)])
((86,35),[(86,36),(85,35)])
((85,35),[(85,36),(84,35)])
((84,35),[(84,36),(83,35),(84,34)])
((84,34),[])
((83,35),[(83,36)])
((83,36),[(84,36),(83,37),(82,36)])
((82,36),[(82,37)])
((82,37),[(83,37),(82,38),(81,37)])
((81,37),[(81,38),(80,37)])
((80,37),[(80,38),(79,37)])
((79,37),[(79,38),(78,37)])
((78,37),[(78,38)])
((78,38),[(79,38),(78,39)])
((78,39),[(79,39),(78,40)])
((78,40),[(79,40),(77,40)])
((77,40),[(76,40)])
((76,40),[(75,40),(76,39)])
((76,39),[(75,39)])
((75,39),[(75,40),(74,39)])
((74,39),[(74,40),(73,39),(74,38)])
((74,38),[(73,38)])
((73,38),[(73,39),(72,38),(73,37)])
((73,37),[(72,37),(73,36)])
((73,36),[])
((72,37),[(72,38)])
((72,38),[(72,39),(71,38)])
((71,38),[(71,39)])
((71,39),[(72,39),(71,40),(70,39)])
((70,39),[(70,40),(69,39)])
((69,39),[(69,40),(68,39),(69,38)])
((69,38),[(68,38)])
((68,38),[(68,39),(67,38),(68,37)])
((68,37),[(67,37),(68,36)])
((68,36),[(67,36),(68,35)])
((68,35),[(67,35)])
((67,35),[(67,36),(66,35)])
((66,35),[(66,36),(65,35)])
((65,35),[(65,36),(64,35)])
((64,35),[(64,36),(63,35)])
((63,35),[(63,36),(62,35),(63,34)])
((63,34),[(62,34)])
((62,34),[(62,35),(61,34),(62,33)])
((62,33),[(61,33)])
((61,33),[(61,34),(60,33),(61,32)])
((61,32),[(60,32)])
((60,32),[(60,33),(59,32)])
((59,32),[(59,33),(58,32)])
((58,32),[(58,33),(57,32)])
((57,32),[(57,33),(56,32),(57,31)])
((57,31),[(56,31)])
((56,31),[(56,32),(55,31)])
((55,31),[(55,32),(54,31),(55,30)])
((55,30),[(54,30),(55,29)])
((55,29),[(54,29),(55,28)])
((55,28),[(54,28),(55,27)])
((55,27),[(54,27),(55,26)])
((55,26),[(54,26),(55,25)])
((55,25),[(56,25),(54,25)])
((54,25),[(54,26),(53,25)])
((53,25),[(53,26),(52,25)])
((52,25),[(52,26),(51,25),(52,24)])
((52,24),[(51,24),(52,23)])
((52,23),[(51,23),(52,22)])
((52,22),[])
((51,23),[(51,24),(50,23)])
((50,23),[(50,24),(49,23)])
((49,23),[(49,24),(48,23)])
((48,23),[(48,24),(47,23),(48,22)])
((48,22),[(47,22),(48,21)])
((48,21),[(47,21),(48,20)])
((48,20),[(49,20),(48,19)])
((48,19),[(49,19)])
((49,19),[(50,19),(49,20),(49,18)])
((49,18),[(49,17)])
((49,17),[])
((49,20),[])
((50,19),[])
((49,20),[])
((47,21),[(47,22),(46,21)])
((46,21),[(46,22),(45,21)])
((45,21),[(45,22)])
((45,22),[(46,22),(45,23)])
((45,23),[(46,23),(45,24),(44,23)])
((44,23),[(44,24),(43,23)])
((43,23),[(43,24),(42,23)])
((42,23),[(42,24),(41,23),(42,22)])
((42,22),[(41,22),(42,21)])
((42,21),[(41,21)])
((41,21),[(41,22),(40,21)])
((40,21),[(40,22)])
((40,22),[(41,22),(40,23)])
((40,23),[(41,23),(40,24)])
((40,24),[(41,24),(40,25)])
((40,25),[(41,25),(40,26)])
((40,26),[(41,26),(40,27),(39,26)])
((39,26),[(39,27)])
((39,27),[(40,27),(39,28)])
((39,28),[(40,28),(39,29),(38,28)])
((38,28),[(38,29)])
((38,29),[(39,29),(38,30)])
((38,30),[(39,30),(38,31)])
((38,31),[(39,31),(38,32)])
((38,32),[(39,32)])
((39,32),[(40,32),(39,33),(39,31)])
((39,31),[(40,31),(39,30)])
((39,30),[(40,30),(39,29)])
((39,29),[(40,29)])
((40,29),[(41,29),(40,30),(40,28)])
((40,28),[(41,28),(40,27)])
((40,27),[(41,27)])
((41,27),[(42,27),(41,28),(41,26)])
((41,26),[(42,26),(41,25)])
((41,25),[(42,25),(41,24)])
((41,24),[(42,24),(41,23)])
((41,23),[(41,22)])
((41,22),[])
((42,24),[(43,24),(42,25)])
((42,25),[(43,25),(42,26)])
((42,26),[(43,26),(42,27)])
((42,27),[(43,27),(42,28)])
((42,28),[(43,28),(42,29),(41,28)])
((41,28),[(41,29)])
((41,29),[(42,29),(41,30)])
((41,30),[(42,30),(41,31),(40,30)])
((40,30),[(40,31)])
((40,31),[(41,31),(40,32)])
((40,32),[(41,32),(40,33)])
((40,33),[(41,33),(40,34),(39,33)])
((39,33),[(39,34)])
((39,34),[(40,34),(39,35)])
((39,35),[(40,35),(38,35)])
((38,35),[(38,36)])
((38,36),[])
((40,35),[(40,34)])
((40,34),[(41,34)])
((41,34),[(42,34),(41,33)])
((41,33),[(42,33),(41,32)])
((41,32),[(42,32),(41,31)])
((41,31),[(42,31)])
((42,31),[(43,31),(42,32),(42,30)])
((42,30),[(43,30),(42,29)])
((42,29),[(43,29)])
((43,29),[(44,29),(43,30),(43,28)])
((43,28),[(44,28),(43,27)])
((43,27),[(44,27),(43,26)])
((43,26),[(44,26),(43,25)])
((43,25),[(44,25),(43,24)])
((43,24),[(44,24)])
((44,24),[(45,24),(44,25)])
((44,25),[(45,25),(44,26)])
((44,26),[(45,26),(44,27)])
((44,27),[(45,27),(44,28)])
((44,28),[(44,29)])
((44,29),[(44,30)])
((44,30),[(44,31),(43,30)])
((43,30),[(43,31)])
((43,31),[(44,31),(43,32)])
((43,32),[(44,32),(43,33),(42,32)])
((42,32),[(42,33)])
((42,33),[(43,33),(42,34)])
((42,34),[(43,34)])
((43,34),[(44,34),(43,35),(43,33)])
((43,33),[(44,33)])
((44,33),[(45,33),(44,34),(44,32)])
((44,32),[(44,31)])
((44,31),[])
((44,34),[(45,34),(44,35)])
((44,35),[(45,35),(44,36),(43,35)])
((43,35),[(43,36)])
((43,36),[(44,36),(43,37)])
((43,37),[(44,37),(43,38)])
((43,38),[(44,38),(43,39),(42,38)])
((42,38),[(42,39)])
((42,39),[(43,39),(42,40),(41,39)])
((41,39),[])
((42,40),[(43,40)])
((43,40),[(44,40),(43,39)])
((43,39),[(44,39)])
((44,39),[(45,39),(44,40),(44,38)])
((44,38),[(45,38),(44,37)])
((44,37),[(45,37),(44,36)])
((44,36),[(45,36)])
((45,36),[(46,36),(45,37),(45,35)])
((45,35),[(46,35),(45,34)])
((45,34),[(46,34),(45,33)])
((45,33),[(46,33)])
((46,33),[(47,33),(46,34)])
((46,34),[(47,34),(46,35)])
((46,35),[(47,35),(46,36)])
((46,36),[(47,36),(46,37)])
((46,37),[(47,37),(46,38),(45,37)])
((45,37),[(45,38)])
((45,38),[(46,38),(45,39)])
((45,39),[(46,39),(45,40)])
((45,40),[(46,40),(44,40)])
((44,40),[])
((46,40),[(47,40),(46,39)])
((46,39),[(47,39),(46,38)])
((46,38),[(47,38)])
((47,38),[(48,38),(47,39),(47,37)])
((47,37),[(48,37),(47,36)])
((47,36),[(48,36),(47,35)])
((47,35),[(48,35),(47,34)])
((47,34),[(48,34),(47,33)])
((47,33),[(48,33)])
((48,33),[(49,33),(48,34)])
((48,34),[(49,34),(48,35)])
((48,35),[(49,35),(48,36)])
((48,36),[(49,36),(48,37)])
((48,37),[(49,37),(48,38)])
((48,38),[(49,38),(48,39)])
((48,39),[(49,39),(48,40),(47,39)])
((47,39),[(47,40)])
((47,40),[(48,40)])
((48,40),[(49,40)])
((49,40),[(50,40),(49,39)])
((49,39),[(50,39),(49,38)])
((49,38),[(50,38),(49,37)])
((49,37),[(50,37),(49,36)])
((49,36),[(50,36),(49,35)])
((49,35),[(50,35),(49,34)])
((49,34),[(50,34),(49,33)])
((49,33),[(50,33)])
((50,33),[(51,33),(50,34),(50,32)])
((50,32),[(51,32),(50,31)])
((50,31),[(51,31)])
((51,31),[(52,31),(51,32),(51,30)])
((51,30),[(52,30),(51,29)])
((51,29),[(52,29),(51,28)])
((51,28),[(52,28),(51,27)])
((51,27),[(52,27),(50,27),(51,26)])
((51,26),[(52,26),(50,26),(51,25)])
((51,25),[(50,25),(51,24)])
((51,24),[(50,24)])
((50,24),[(50,25),(49,24)])
((49,24),[(49,25),(48,24)])
((48,24),[(48,25),(47,24)])
((47,24),[(47,25),(46,24),(47,23)])
((47,23),[(46,23),(47,22)])
((47,22),[(46,22)])
((46,22),[(46,23)])
((46,23),[(46,24)])
((46,24),[(46,25),(45,24)])
((45,24),[(45,25)])
((45,25),[(46,25),(45,26)])
((45,26),[(46,26),(45,27)])
((45,27),[(46,27)])
((46,27),[(46,26)])
((46,26),[(47,26),(46,25)])
((46,25),[(47,25)])
((47,25),[(48,25),(47,26)])
((47,26),[(48,26)])
((48,26),[(49,26),(48,25)])
((48,25),[(49,25)])
((49,25),[(50,25),(49,26)])
((49,26),[(50,26)])
((50,26),[(50,27),(50,25)])
((50,25),[])
((50,27),[])
((50,25),[])
((49,26),[])
((48,25),[])
((47,26),[])
((46,26),[])
((46,25),[])
((46,25),[])
((46,23),[])
((46,24),[])
((47,25),[])
((48,25),[])
((49,25),[])
((50,25),[])
((50,25),[])
((50,26),[])
((52,26),[(53,26),(52,27)])
((52,27),[(53,27),(52,28)])
((52,28),[(53,28),(52,29)])
((52,29),[(53,29),(52,30)])
((52,30),[(53,30),(52,31)])
((52,31),[(53,31),(52,32)])
((52,32),[(53,32),(52,33),(51,32)])
((51,32),[(51,33)])
((51,33),[(52,33),(51,34)])
((51,34),[(52,34),(51,35),(50,34)])
((50,34),[(50,35)])
((50,35),[(51,35),(50,36)])
((50,36),[(50,37)])
((50,37),[(50,38)])
((50,38),[(51,38),(50,39)])
((50,39),[(50,40)])
((50,40),[])
((51,38),[])
((51,35),[(52,35)])
((52,35),[(53,35),(52,34)])
((52,34),[(53,34),(52,33)])
((52,33),[(53,33)])
((53,33),[(54,33),(53,34),(53,32)])
((53,32),[(54,32),(53,31)])
((53,31),[(54,31),(53,30)])
((53,30),[(54,30),(53,29)])
((53,29),[(54,29),(53,28)])
((53,28),[(54,28),(53,27)])
((53,27),[(54,27),(53,26)])
((53,26),[(54,26)])
((54,26),[(54,27)])
((54,27),[(54,28)])
((54,28),[(54,29)])
((54,29),[(54,30)])
((54,30),[(54,31)])
((54,31),[(54,32)])
((54,32),[(55,32),(54,33)])
((54,33),[(55,33),(54,34)])
((54,34),[(55,34),(53,34)])
((53,34),[(53,35)])
((53,35),[])
((55,34),[(56,34),(55,35),(55,33)])
((55,33),[(56,33),(55,32)])
((55,32),[(56,32)])
((56,32),[(56,33)])
((56,33),[(57,33),(56,34)])
((56,34),[(57,34),(56,35)])
((56,35),[(57,35),(56,36),(55,35)])
((55,35),[(55,36)])
((55,36),[(56,36)])
((56,36),[(57,36)])
((57,36),[(58,36),(57,37),(57,35)])
((57,35),[(58,35),(57,34)])
((57,34),[(58,34),(57,33)])
((57,33),[(58,33)])
((58,33),[(59,33),(58,34)])
((58,34),[(59,34),(58,35)])
((58,35),[(59,35),(58,36)])
((58,36),[(59,36),(58,37)])
((58,37),[(59,37),(58,38),(57,37)])
((57,37),[(57,38)])
((57,38),[(58,38),(57,39),(56,38)])
((56,38),[(56,39)])
((56,39),[(57,39),(56,40)])
((56,40),[(57,40)])
((57,40),[(58,40),(57,39)])
((57,39),[(58,39)])
((58,39),[(59,39),(58,40),(58,38)])
((58,38),[(59,38)])
((59,38),[(60,38),(59,39),(59,37)])
((59,37),[(60,37),(59,36)])
((59,36),[(60,36),(59,35)])
((59,35),[(60,35),(59,34)])
((59,34),[(60,34),(59,33)])
((59,33),[(60,33)])
((60,33),[(60,34)])
((60,34),[(61,34),(60,35)])
((60,35),[(61,35),(60,36)])
((60,36),[(61,36),(60,37)])
((60,37),[(61,37),(60,38)])
((60,38),[(61,38),(60,39)])
((60,39),[(61,39),(60,40),(59,39)])
((59,39),[(59,40)])
((59,40),[(60,40),(58,40)])
((58,40),[])
((60,40),[(61,40)])
((61,40),[(62,40),(61,39)])
((61,39),[(62,39),(61,38)])
((61,38),[(62,38),(61,37)])
((61,37),[(62,37),(61,36)])
((61,36),[(62,36),(61,35)])
((61,35),[(62,35),(61,34)])
((61,34),[])
((62,35),[(62,36)])
((62,36),[(63,36),(62,37)])
((62,37),[(63,37),(62,38)])
((62,38),[(63,38),(62,39)])
((62,39),[(63,39),(62,40)])
((62,40),[(63,40)])
((63,40),[(64,40),(63,39)])
((63,39),[(64,39),(63,38)])
((63,38),[(64,38),(63,37)])
((63,37),[(64,37),(63,36)])
((63,36),[(64,36)])
((64,36),[(65,36),(64,37)])
((64,37),[(65,37),(64,38)])
((64,38),[(65,38),(64,39)])
((64,39),[(65,39),(64,40)])
((64,40),[(65,40)])
((65,40),[(66,40),(65,39)])
((65,39),[(66,39),(65,38)])
((65,38),[(66,38),(65,37)])
((65,37),[(66,37),(65,36)])
((65,36),[(66,36)])
((66,36),[(67,36),(66,37)])
((66,37),[(67,37),(66,38)])
((66,38),[(67,38),(66,39)])
((66,39),[(67,39),(66,40)])
((66,40),[(67,40)])
((67,40),[(68,40),(67,39)])
((67,39),[(68,39),(67,38)])
((67,38),[(67,37)])
((67,37),[(67,36)])
((67,36),[])
((68,39),[(68,40)])
((68,40),[(69,40)])
((69,40),[(70,40)])
((70,40),[(71,40)])
((71,40),[(72,40)])
((72,40),[(73,40),(72,39)])
((72,39),[(73,39)])
((73,39),[(73,40)])
((73,40),[(74,40)])
((74,40),[(75,40)])
((75,40),[])
((73,40),[])
((68,40),[])
((67,39),[])
((67,38),[])
((67,37),[])
((67,36),[])
((66,37),[])
((66,38),[])
((66,39),[])
((66,40),[])
((65,39),[])
((65,38),[])
((65,37),[])
((65,36),[])
((64,37),[])
((64,38),[])
((64,39),[])
((64,40),[])
((63,39),[])
((63,38),[])
((63,37),[])
((63,36),[])
((62,36),[])
((62,37),[])
((62,38),[])
((62,39),[])
((62,40),[])
((60,40),[])
((61,39),[])
((61,38),[])
((61,37),[])
((61,36),[])
((61,35),[])
((61,34),[])
((60,34),[])
((60,35),[])
((60,36),[])
((60,37),[])
((59,39),[])
((60,38),[])
((58,40),[])
((59,39),[])
((58,40),[])
((57,39),[])
((57,39),[])
((58,38),[])
((58,38),[])
((59,37),[])
((59,36),[])
((59,35),[])
((59,34),[])
((59,33),[])
((58,34),[])
((58,35),[])
((57,37),[])
((58,36),[])
((56,36),[])
((57,35),[])
((57,34),[])
((57,33),[])
((56,33),[])
((55,35),[])
((56,34),[])
((55,33),[])
((55,32),[])
((54,27),[])
((54,28),[])
((54,29),[])
((54,30),[])
((54,31),[])
((54,32),[])
((53,34),[])
((54,33),[])
((53,34),[])
((53,35),[])
((51,35),[])
((52,34),[])
((52,33),[])
((52,33),[])
((53,32),[])
((53,31),[])
((53,30),[])
((53,29),[])
((53,28),[])
((53,27),[])
((53,26),[])
((50,27),[])
((52,27),[])
((52,28),[])
((52,29),[])
((52,30),[])
((51,32),[])
((52,31),[])
((51,32),[])
((50,34),[])
((51,33),[])
((50,34),[])
((50,35),[])
((50,36),[])
((50,37),[])
((50,38),[])
((50,39),[])
((50,40),[])
((48,40),[])
((49,39),[])
((49,38),[])
((49,37),[])
((49,36),[])
((49,35),[])
((49,34),[])
((49,33),[])
((48,34),[])
((48,35),[])
((48,36),[])
((48,37),[])
((47,39),[])
((48,38),[])
((47,39),[])
((47,40),[])
((46,39),[])
((46,38),[])
((46,38),[])
((47,37),[])
((47,36),[])
((47,35),[])
((47,34),[])
((47,33),[])
((46,34),[])
((46,35),[])
((45,37),[])
((46,36),[])
((45,37),[])
((45,38),[])
((44,40),[])
((45,39),[])
((44,40),[])
((43,39),[])
((43,39),[])
((44,38),[])
((44,37),[])
((44,36),[])
((44,36),[])
((45,35),[])
((45,34),[])
((45,33),[])
((43,35),[])
((44,34),[])
((43,33),[])
((43,33),[])
((44,32),[])
((44,31),[])
((44,31),[])
((45,27),[])
((45,26),[])
((45,25),[])
((45,24),[])
((44,25),[])
((44,26),[])
((44,27),[])
((44,28),[])
((43,30),[])
((44,29),[])
((43,30),[])
((42,32),[])
((43,31),[])
((42,32),[])
((42,33),[])
((42,34),[])
((40,34),[])
((40,34),[])
((41,33),[])
((41,32),[])
((41,31),[])
((41,31),[])
((42,30),[])
((42,29),[])
((42,29),[])
((43,28),[])
((43,27),[])
((43,26),[])
((43,25),[])
((43,24),[])
((42,25),[])
((42,26),[])
((41,28),[])
((42,27),[])
((41,28),[])
((40,30),[])
((41,29),[])
((40,30),[])
((40,31),[])
((39,33),[])
((40,32),[])
((39,31),[])
((39,30),[])
((39,29),[])
((39,29),[])
((40,28),[])
((40,27),[])
((40,27),[])
((41,26),[])
((41,25),[])
((41,24),[])
((41,23),[])
((41,22),[])
((41,22),[])
((41,22),[])
((41,23),[])
((42,24),[])
((43,24),[])
((44,24),[])
((45,24),[])
((46,23),[])
((46,22),[])
((46,22),[])
((47,22),[])
((47,22),[])
((47,23),[])
((48,24),[])
((49,24),[])
((50,24),[])
((51,24),[])
((51,24),[])
((51,25),[])
((52,26),[])
((53,26),[])
((54,26),[])
((56,25),[(57,25),(56,24)])
((56,24),[(57,24),(56,23)])
((56,23),[(57,23),(56,22)])
((56,22),[(57,22)])
((57,22),[(58,22),(57,23)])
((57,23),[(58,23),(57,24)])
((57,24),[(58,24),(57,25)])
((57,25),[(58,25)])
((58,25),[(59,25),(58,26),(58,24)])
((58,24),[(59,24),(58,23)])
((58,23),[(59,23),(58,22)])
((58,22),[(59,22)])
((59,22),[(59,23),(59,21)])
((59,21),[(59,20)])
((59,20),[])
((59,23),[(60,23),(59,24)])
((59,24),[(60,24),(59,25)])
((59,25),[(60,25)])
((60,25),[(60,24)])
((60,24),[(60,23)])
((60,23),[])
((60,24),[])
((60,23),[])
((59,23),[])
((59,24),[])
((58,26),[])
((59,25),[])
((58,24),[])
((58,23),[])
((58,22),[])
((57,23),[])
((57,24),[])
((57,25),[])
((54,26),[])
((54,27),[])
((54,28),[])
((54,29),[])
((54,30),[])
((54,31),[])
((55,32),[])
((56,32),[])
((56,32),[])
((57,33),[])
((58,33),[])
((59,33),[])
((60,33),[])
((60,33),[])
((61,34),[])
((61,34),[])
((62,35),[])
((62,35),[])
((63,36),[])
((64,36),[])
((65,36),[])
((66,36),[])
((67,36),[])
((67,36),[])
((67,37),[])
((67,38),[])
((68,39),[])
((68,39),[])
((69,40),[])
((70,40),[])
((71,40),[])
((72,39),[])
((72,39),[])
((72,38),[])
((73,39),[])
((73,39),[])
((74,40),[])
((75,40),[])
((75,40),[])
((79,40),[(80,40),(79,39)])
((79,39),[(80,39),(79,38)])
((79,38),[(80,38)])
((80,38),[(81,38),(80,39)])
((80,39),[(81,39),(80,40)])
((80,40),[(81,40)])
((81,40),[(82,40),(81,39)])
((81,39),[(82,39),(81,38)])
((81,38),[(82,38)])
((82,38),[(83,38),(82,39)])
((82,39),[(83,39),(82,40)])
((82,40),[(83,40)])
((83,40),[(84,40),(83,39)])
((83,39),[(84,39),(83,38)])
((83,38),[(84,38),(83,37)])
((83,37),[(84,37)])
((84,37),[(85,37),(84,38),(84,36)])
((84,36),[(85,36)])
((85,36),[(86,36),(85,37)])
((85,37),[(86,37),(85,38)])
((85,38),[(86,38),(85,39),(84,38)])
((84,38),[(84,39)])
((84,39),[(85,39),(84,40)])
((84,40),[(85,40)])
((85,40),[(86,40),(85,39)])
((85,39),[(86,39)])
((86,39),[(87,39),(86,40),(86,38)])
((86,38),[(87,38),(86,37)])
((86,37),[(87,37),(86,36)])
((86,36),[(87,36)])
((87,36),[(88,36),(87,37)])
((87,37),[(88,37),(87,38)])
((87,38),[(88,38),(87,39)])
((87,39),[(88,39),(87,40)])
((87,40),[(88,40),(86,40)])
((86,40),[])
((88,40),[(88,39)])
((88,39),[(89,39),(88,38)])
((88,38),[(89,38),(88,37)])
((88,37),[(89,37),(88,36)])
((88,36),[(89,36),(88,35)])
((88,35),[(89,35)])
((89,35),[(90,35),(89,36)])
((89,36),[(90,36),(89,37)])
((89,37),[(90,37),(89,38)])
((89,38),[(90,38),(89,39)])
((89,39),[(90,39)])
((90,39),[(90,38)])
((90,38),[(90,37)])
((90,37),[(90,36)])
((90,36),[(90,35)])
((90,35),[(91,35)])
((91,35),[(92,35)])
((92,35),[(93,35),(92,36),(92,34)])
((92,34),[(93,34),(92,33)])
((92,33),[(93,33),(92,32)])
((92,32),[(93,32),(92,31)])
((92,31),[(93,31),(92,30)])
((92,30),[(93,30),(92,29)])
((92,29),[(93,29),(92,28)])
((92,28),[(93,28),(92,27)])
((92,27),[(93,27)])
((93,27),[(94,27),(93,28),(93,26)])
((93,26),[(94,26)])
((94,26),[(94,27),(94,25)])
((94,25),[(94,24)])
((94,24),[])
((94,27),[(94,28)])
((94,28),[(94,29),(93,28)])
((93,28),[(93,29)])
((93,29),[(94,29),(93,30)])
((93,30),[(94,30),(93,31)])
((93,31),[(94,31),(93,32)])
((93,32),[(94,32),(93,33)])
((93,33),[(94,33),(93,34)])
((93,34),[(94,34),(93,35)])
((93,35),[(94,35),(93,36)])
((93,36),[(94,36),(92,36)])
((92,36),[])
((94,36),[(94,37),(94,35)])
((94,35),[(94,34)])
((94,34),[(94,33)])
((94,33),[(94,32)])
((94,32),[(94,31)])
((94,31),[(94,30)])
((94,30),[(94,29)])
((94,29),[])
((94,37),[])
((94,35),[])
((94,34),[])
((94,33),[])
((94,32),[])
((94,31),[])
((94,30),[])
((94,29),[])
((94,29),[])
((93,28),[])
((94,27),[])
((93,28),[])
((93,29),[])
((93,30),[])
((93,31),[])
((93,32),[])
((93,33),[])
((93,34),[])
((92,36),[])
((93,35),[])
((90,38),[])
((90,37),[])
((90,36),[])
((90,35),[])
((89,36),[])
((89,37),[])
((89,38),[])
((89,39),[])
((88,39),[])
((88,38),[])
((88,37),[])
((88,36),[])
((87,37),[])
((87,38),[])
((86,40),[])
((87,39),[])
((86,40),[])
((85,39),[])
((85,39),[])
((86,38),[])
((86,37),[])
((86,36),[])
((84,38),[])
((85,37),[])
((84,38),[])
((84,39),[])
((84,40),[])
((83,39),[])
((83,38),[])
((82,39),[])
((82,40),[])
((81,39),[])
((81,38),[])
((80,39),[])
((80,40),[])
((79,39),[])
((79,38),[])
((79,38),[])
((80,38),[])
((81,38),[])
((82,38),[])
((83,37),[])
((83,37),[])
((84,36),[])
((84,36),[])
((85,36),[])
((86,36),[])
((87,36),[])
((88,35),[])
((88,35),[])
((89,35),[])
((90,35),[])
((91,35),[])
((92,34),[])
((92,33),[])
((92,32),[])
((91,32),[])
((92,31),[])
((92,30),[])
((92,29),[])
((92,28),[])
((92,27),[])
((92,27),[])
((93,26),[])
((93,26),[])
((94,25),[])
((94,24),[])
((94,24),[])
((94,15),[])
((94,16),[])
((94,17),[])
((94,18),[])
((94,19),[])
((94,20),[])
((94,21),[])
((93,23),[])
((94,22),[])
((93,23),[])
((92,25),[])
((93,24),[])
((91,26),[])
((92,25),[])
((90,27),[])
((91,26),[])
((90,27),[])
((89,26),[])
((89,26),[])
((90,25),[])
((90,25),[])
((91,24),[])
((91,24),[])
((92,23),[])
((92,22),[])
((92,22),[])
((93,21),[])
((93,20),[])
((93,19),[])
((93,18),[])
((93,17),[])
((93,16),[])
((92,16),[])
((93,15),[])
((93,14),[])
((93,14),[])
((94,13),[])
((94,12),[])
((94,12),[])
((94,7),[])
((94,8),[])
((94,9),[])
((93,11),[])
((94,10),[])
((93,11),[])
((92,13),[])
((93,12),[])
((92,13),[])
((91,15),[])
((92,14),[])
((91,13),[])
((91,12),[])
((91,12),[])
((92,11),[])
((92,10),[])
((92,10),[])
((93,9),[])
((93,8),[])
((93,7),[])
((93,6),[])
((92,7),[])
((91,9),[])
((92,8),[])
((90,8),[])
((91,7),[])
((91,6),[])
((91,4),[(91,3)])
((91,3),[])
((91,3),[])
((90,4),[])
((90,5),[])
((89,7),[])
((90,6),[])
((89,5),[])
((89,4),[])
((89,3),[])
((89,2),[])
((88,1),[])
((88,2),[])
((88,3),[])
((88,4),[])
((88,5),[])
((88,6),[])
((87,5),[])
((87,4),[])
((87,3),[])
((87,2),[])
((87,1),[])
((87,0),[])
((86,1),[])
((86,2),[])
((86,3),[])
((86,4),[])
((86,5),[])
((86,6),[])
((85,8),[])
((86,7),[])
((85,6),[])
((85,5),[])
((85,4),[])
((85,3),[])
((85,2),[])
((85,1),[])
((85,0),[])
((84,1),[])
((84,2),[])
((84,3),[])
((84,4),[])
((84,5),[])
((84,6),[])
((84,7),[])
((83,8),[])
((83,7),[])
((83,6),[])
((83,5),[])
((83,4),[])
((83,3),[])
((83,2),[])
((83,1),[])
((83,0),[])
((82,1),[])
((82,2),[])
((82,3),[])
((82,4),[])
((82,5),[])
((82,6),[])
((82,7),[])
((81,9),[])
((82,8),[])
((81,7),[])
((81,6),[])
((81,5),[])
((81,4),[])
((81,3),[])
((81,2),[])
((81,1),[])
((81,0),[])
((80,1),[])
((80,2),[])
((80,3),[])
((80,4),[])
((79,6),[])
((80,5),[])
((79,4),[])
((79,3),[])
((79,2),[])
((79,1),[])
((79,0),[])
((78,1),[])
((78,2),[])
((78,3),[])
((78,4),[])
((78,5),[])
((77,4),[])
((76,4),[])
((77,3),[])
((77,2),[])
((77,1),[])
((77,0),[])
((76,1),[])
((75,3),[])
((76,2),[])
((75,1),[])
((75,0),[])
((74,1),[])
((73,0),[])
((72,1),[])
((71,0),[])
((70,1),[])
((70,2),[])
((70,3),[])
((70,4),[])
((70,5),[])
((70,6),[])
((69,5),[])
((69,4),[])
((69,3),[])
((69,2),[])
((69,1),[])
((69,0),[])
((68,1),[])
((68,2),[])
((68,3),[])
((68,4),[])
((68,5),[])
((68,6),[])
((67,5),[])
((67,4),[])
((67,3),[])
((67,2),[])
((67,1),[])
((67,0),[])
((66,1),[])
((66,2),[])
((66,3),[])
((66,4),[])
((66,5),[])
((66,6),[])
((66,7),[])
((66,8),[])
((66,9),[])
((64,9),[])
((65,8),[])
((65,7),[])
((65,6),[])
((65,5),[])
((65,4),[])
((65,3),[])
((65,2),[])
((65,1),[])
((65,0),[])
((62,1),[])
((64,1),[])
((62,2),[])
((64,2),[])
((62,3),[])
((64,3),[])
((62,4),[])
((64,4),[])
((64,5),[])
((64,6),[])
((63,8),[])
((64,7),[])
((63,8),[])
((63,9),[])
((63,10),[])
((62,9),[])
((62,8),[])
((62,7),[])
((61,8),[])
((61,9),[])
((60,11),[])
((61,10),[])
((60,9),[])
((57,8),[])
((57,7),[])
((56,8),[])
((56,9),[])
((56,14),[(57,14)])
((57,14),[(58,14),(57,15)])
((57,15),[(58,15),(57,16)])
((57,16),[(58,16),(57,17)])
((57,17),[(58,17),(57,18)])
((57,18),[(58,18),(56,18)])
((56,18),[])
((58,18),[(58,17)])
((58,17),[(58,16)])
((58,16),[(58,15)])
((58,15),[(58,14)])
((58,14),[])
((58,17),[])
((58,16),[])
((58,15),[])
((58,14),[])
((55,13),[])
((55,12),[])
((55,11),[])
((55,10),[])
((55,9),[])
((55,8),[])
((55,7),[])
((55,4),[])
((55,3),[])
((55,2),[])
((55,1),[])
((55,0),[])
((54,1),[])
((54,2),[])
((54,3),[])
((54,4),[])
((54,5),[])
((54,6),[])
((54,7),[])
((54,8),[])
((54,9),[])
((54,10),[])
((54,11),[])
((54,12),[])
((54,13),[])
((54,14),[])
((53,16),[])
((54,15),[])
((53,14),[])
((53,13),[])
((53,12),[])
((53,11),[])
((53,10),[])
((53,9),[])
((53,8),[])
((53,7),[])
((53,6),[])
((53,5),[])
((53,4),[])
((53,3),[])
((53,2),[])
((53,1),[])
((53,0),[])
((52,1),[])
((52,2),[])
((52,3),[])
((52,4),[])
((52,5),[])
((52,6),[])
((52,7),[])
((52,8),[])
((52,9),[])
((52,10),[])
((52,11),[])
((52,12),[])
((52,13),[])
((52,14),[])
((52,15),[])
((51,14),[])
((51,13),[])
((51,12),[])
((51,11),[])
((51,10),[])
((51,9),[])
((51,8),[])
((51,7),[])
((51,6),[])
((51,5),[])
((51,4),[])
((51,3),[])
((51,2),[])
((51,1),[])
((51,0),[])
((48,1),[])
((50,1),[])
((48,2),[])
((50,2),[])
((48,3),[])
((50,3),[])
((48,4),[])
((50,4),[])
((48,5),[])
((50,5),[])
((48,6),[])
((50,6),[])
((50,7),[])
((50,8),[])
((50,9),[])
((50,10),[])
((50,11),[])
((50,12),[])
((50,13),[])
((50,14),[])
((50,15),[])
((49,17),[])
((49,17),[])
((48,19),[])
((49,18),[])
((48,17),[])
((48,16),[])
((48,16),[])
((49,15),[])
((49,14),[])
((49,13),[])
((49,12),[])
((48,13),[])
((47,15),[])
((48,14),[])
((47,13),[])
((46,14),[])
((45,14),[])
((45,13),[])
((43,15),[])
((44,14),[])
((43,13),[])
((43,12),[])
((42,12),[])
((42,13),[])
((42,14),[])
((41,13),[])
((41,12),[])
((41,11),[])
((41,11),[])
((42,10),[])
((42,9),[])
((42,8),[])
((42,7),[])
((42,6),[])
((41,7),[])
((41,8),[])
((40,10),[])
((41,9),[])
((40,10),[])
((40,11),[])
((40,12),[])
((40,13),[])
((40,14),[])
((40,15),[])
((40,16),[])
((40,17),[])
((40,18),[])
((40,21),[])
((40,22),[])
((40,23),[])
((40,24),[])
((39,26),[])
((40,25),[])
((39,26),[])
((38,28),[])
((39,27),[])
((38,28),[])
((38,29),[])
((38,30),[])
((38,31),[])
((37,30),[])
((37,29),[])
((37,28),[])
((37,27),[])
((37,27),[])
((38,26),[])
((38,25),[])
((38,25),[])
((39,24),[])
((39,23),[])
((39,22),[])
((39,21),[])
((39,20),[])
((39,19),[])
((39,18),[])
((39,17),[])
((39,16),[])
((39,15),[])
((39,14),[])
((39,13),[])
((39,12),[])
((39,11),[])
((39,10),[])
((39,9),[])
((36,10),[])
((38,10),[])
((36,11),[])
((38,11),[])
((38,12),[])
((38,13),[])
((38,14),[])
((38,15),[])
((38,16),[])
((36,17),[])
((38,17),[])
((36,18),[])
((38,18),[])
((36,19),[])
((38,19),[])
((38,20),[])
((38,21),[])
((38,22),[])
((37,24),[])
((38,23),[])
((37,24),[])
((36,26),[])
((37,25),[])
((36,26),[])
((36,27),[])
((36,28),[])
((36,29),[])
((36,30),[])
((36,31),[])
((35,30),[])
((35,29),[])
((35,28),[])
((35,27),[])
((35,26),[])
((35,25),[])
((34,26),[])
((34,27),[])
((34,28),[])
((34,29),[])
((34,30),[])
((34,31),[])
((34,32),[])
((33,36),[])
((33,35),[])
((33,34),[])
((33,33),[])
((33,32),[])
((33,31),[])
((33,30),[])
((33,29),[])
((33,28),[])
((33,27),[])
((33,26),[])
((33,25),[])
((32,26),[])
((32,27),[])
((32,28),[])
((32,29),[])
((32,30),[])
((32,31),[])
((32,32),[])
((32,33),[])
((32,34),[])
((32,35),[])
((32,36),[])
((32,37),[])
((31,36),[])
((31,35),[])
((31,34),[])
((31,33),[])
((31,32),[])
((31,31),[])
((31,30),[])
((31,29),[])
((31,28),[])
((31,27),[])
((31,26),[])
((31,25),[])
((30,26),[])
((30,27),[])
((30,28),[])
((30,29),[])
((30,30),[])
((30,31),[])
((30,32),[])
((30,33),[])
((30,34),[])
((30,35),[])
((30,36),[])
((30,37),[])
((30,38),[])
((29,39),[])
((29,38),[])
((29,37),[])
((29,36),[])
((29,35),[])
((29,34),[])
((29,33),[])
((29,32),[])
((29,31),[])
((29,30),[])
((29,29),[])
((29,28),[])
((29,27),[])
((29,26),[])
((29,25),[])
((28,26),[])
((28,27),[])
((28,28),[])
((28,29),[])
((28,30),[])
((28,31),[])
((28,32),[])
((28,33),[])
((28,34),[])
((28,35),[])
((28,36),[])
((28,37),[])
((26,37),[])
((27,36),[])
((27,35),[])
((27,34),[])
((27,33),[])
((27,32),[])
((27,31),[])
((27,30),[])
((27,29),[])
((27,28),[])
((27,27),[])
((27,26),[])
((26,27),[])
((26,28),[])
((26,29),[])
((26,30),[])
((26,31),[])
((26,32),[])
((26,33),[])
((26,34),[])
((25,36),[])
((26,35),[])
((25,34),[])
((25,33),[])
((25,32),[])
((25,31),[])
((25,30),[])
((25,29),[])
((25,28),[])
((25,27),[])
((25,26),[])
((25,25),[])
((24,26),[])
((24,27),[])
((24,28),[])
((24,29),[])
((24,30),[])
((24,31),[])
((24,32),[])
((24,33),[])
((24,34),[])
((24,35),[])
((23,34),[])
((23,33),[])
((23,32),[])
((23,31),[])
((23,30),[])
((23,29),[])
((23,28),[])
((23,27),[])
((23,26),[])
((23,25),[])
((22,26),[])
((22,27),[])
((22,28),[])
((22,29),[])
((22,30),[])
((22,31),[])
((22,32),[])
((22,33),[])
((22,34),[])
((22,35),[])
((22,36),[])
((22,37),[])
((20,37),[])
((21,36),[])
((21,35),[])
((21,34),[])
((21,33),[])
((21,32),[])
((21,31),[])
((21,30),[])
((21,29),[])
((21,28),[])
((21,27),[])
((21,26),[])
((21,25),[])
((20,26),[])
((20,27),[])
((20,28),[])
((20,29),[])
((20,30),[])
((20,31),[])
((20,32),[])
((20,33),[])
((19,32),[])
((19,31),[])
((19,30),[])
((18,31),[])
((17,30),[])
((17,30),[])
((18,30),[])
((19,29),[])
((19,28),[])
((19,27),[])
((19,26),[])
((19,25),[])
((19,25),[])
((20,24),[])
((20,23),[])
((20,22),[])
((20,21),[])
((20,17),[])
((20,16),[])
((20,15),[])
((20,14),[])
((20,13),[])
((20,13),[])
((21,9),[])
((21,8),[])
((21,7),[])
((21,6),[])
((21,5),[])
((21,5),[])
((22,4),[])
((22,4),[])
((23,3),[])
((23,2),[])
((23,1),[])
((23,0),[])
((22,1),[])
((21,3),[])
((22,2),[])
((20,4),[])
((21,3),[])
((20,4),[])
((20,5),[])
((20,6),[])
((18,7),[])
((20,7),[])
((20,8),[])
((20,9),[])
((20,10),[])
((19,12),[])
((20,11),[])
((17,12),[])
((19,12),[])
((17,13),[])
((19,13),[])
((17,14),[])
((19,14),[])
((17,15),[])
((19,15),[])
((17,16),[])
((19,16),[])
((17,17),[])
((19,17),[])
((17,18),[])
((19,18),[])
((19,19),[])
((19,20),[])
((19,21),[])
((19,22),[])
((18,24),[])
((19,23),[])
((18,24),[])
((18,25),[])
((18,26),[])
((17,25),[])
((17,24),[])
((17,23),[])
((14,19),[])
((14,18),[])
((14,17),[])
((13,18),[])
((13,19),[])
((13,20),[])
((13,21),[])
((13,22),[])
((12,24),[])
((13,23),[])
((12,24),[])
((11,23),[])
((11,23),[])
((12,22),[])
((12,21),[])
((12,20),[])
((10,22),[])
((11,21),[])
((10,22),[])
((10,23),[])
((10,24),[])
((9,26),[])
((7,26),[])
((9,26),[])
((7,27),[])
((9,27),[])
((9,28),[])
((9,29),[])
((9,30),[])
((9,31),[])
((9,32),[])
((9,33),[])
((9,34),[])
((9,35),[])
((9,36),[])
((9,37),[])
((9,38),[])
((9,39),[])
((9,40),[])
((8,39),[])
((8,38),[])
((8,37),[])
((8,36),[])
((8,35),[])
((8,34),[])
((8,33),[])
((8,32),[])
((8,31),[])
((7,32),[])
((7,33),[])
((7,34),[])
((7,35),[])
((7,36),[])
((7,37),[])
((7,38),[])
((7,39),[])
((7,40),[])
((6,39),[])
((6,38),[])
((6,37),[])
((6,36),[])
((6,35),[])
((6,34),[])
((5,35),[])
((5,36),[])
((5,37),[])
((5,38),[])
((5,39),[])
((5,40),[])
((4,39),[])
((4,38),[])
((4,37),[])
((4,36),[])
((4,35),[])
((4,34),[])
((3,34),[])
((3,35),[])
((3,36),[])
((3,37),[])
((3,38),[])
((3,39),[])
((3,40),[])
((2,39),[])
((2,38),[])
((2,37),[])
((2,36),[])
((2,35),[])
((2,34),[])
((2,33),[])
((2,26),[])
((2,25),[])
((2,24),[])
((2,23),[])
((2,22),[])
((2,21),[])
((2,18),[(3,18),(2,17)])
((2,17),[(3,17),(2,16)])
((2,16),[(3,16),(2,15)])
((2,15),[(3,15),(2,14)])
((2,14),[(3,14),(2,13)])
((2,13),[(3,13),(2,12)])
((2,12),[(3,12),(2,11)])
((2,11),[])
((3,12),[(3,13)])
((3,13),[(4,13),(3,14)])
((3,14),[(4,14),(3,15)])
((3,15),[(4,15),(3,16)])
((3,16),[(4,16),(3,17)])
((3,17),[(3,18)])
((3,18),[])
((4,16),[(5,16),(4,15)])
((4,15),[(5,15),(4,14)])
((4,14),[(5,14),(4,13)])
((4,13),[(5,13)])
((5,13),[(5,14)])
((5,14),[(5,15)])
((5,15),[(5,16)])
((5,16),[])
((5,14),[])
((5,15),[])
((5,16),[])
((4,15),[])
((4,14),[])
((4,13),[])
((3,13),[])
((3,14),[])
((3,15),[])
((3,16),[])
((3,17),[])
((3,18),[])
((2,17),[])
((2,16),[])
((2,15),[])
((2,14),[])
((2,13),[])
((2,12),[])
((2,11),[])
((2,4),[])
((2,3),[])
((2,2),[])
((2,1),[])
((2,0),[])
((1,1),[])
((1,2),[])
((1,3),[])
((1,4),[])
((1,5),[])
((1,6),[])
((1,7),[])
((1,8),[])
((1,9),[])
((1,10),[])
((1,11),[])
((1,12),[])
((1,13),[])
((1,14),[])
((1,15),[])
((1,16),[])
((1,17),[])
((1,18),[])
((1,19),[])
((0,21),[(0,22)])
((0,22),[(0,23)])
((0,23),[(0,24)])
((0,24),[(0,25)])
((0,25),[(0,26)])
((0,26),[(0,27)])
((0,27),[(0,28)])
((0,28),[(0,29)])
((0,29),[(0,30)])
((0,30),[(0,31)])
((0,31),[(0,32)])
((0,32),[(0,33)])
((0,33),[(0,34)])
((0,34),[(0,35)])
((0,35),[(0,36)])
((0,36),[(0,37)])
((0,37),[(0,38)])
((0,38),[(0,39)])
((0,39),[(0,40)])
((0,40),[])
((1,20),[])
